NBA SIMULATION ANALYSIS RESULTS (CORRECTED)
==================================================

STATUS DEFINITIONS:
- 'game_ended': Simulation completed, game reached natural end
- 'completed': Simulation completed, may have hit max iterations
- 'error': Simulation failed with error

SUMMARY:
Total simulations: 858
Successful simulations: 732 (85.3%)
  - Game ended: 730
  - Completed: 2
Error simulations: 126 (14.7%)
Average duration: 1811.2 seconds

PER-GAME BREAKDOWN:
     game_id season_year  total_runs  successful_runs  game_ended_runs  completed_runs  error_runs  avg_duration  avg_scoring_rate  avg_predictions
0   22400504   2024-2025          37               30               30               0           7   2129.114340         21.808046       394.233333
1   22400528   2024-2025          25               23               23               0           2   2606.037949         19.919244       393.173913
2   22400514   2024-2025          40               22               22               0          18   1647.445025         19.943278       395.363636
3   22400508   2024-2025          20               20               20               0           0   1603.475309         21.377498       388.250000
4   22400492   2024-2025          20               19               19               0           1   1510.727512         20.048628       392.105263
5   22400502   2024-2025          20               19               19               0           1   2221.286923         20.521925       395.894737
6   22400506   2024-2025          20               19               19               0           1   1542.428738         21.145449       389.526316
7   22400509   2024-2025          20               19               19               0           1   1563.476850         21.739982       408.000000
8   22400517   2024-2025          20               19               19               0           1   1526.652318         21.700387       378.315789
9   22400519   2024-2025          20               19               19               0           1   1575.727114         21.530210       393.368421
10  22400494   2024-2025          20               18               18               0           2   1415.529131         21.474934       390.944444
11  22400495   2024-2025          20               18               18               0           2   1496.139059         20.449950       391.111111
12  22400499   2024-2025          20               18               18               0           2   1421.573204         20.437649       390.555556
13  22400501   2024-2025          20               18               18               0           2   1748.787177         20.067041       393.666667
14  22400507   2024-2025          20               18               17               1           2   1865.879389         22.025819       480.777778
15  22400510   2024-2025          20               18               18               0           2   1409.771932         20.852584       393.777778
16  22400511   2024-2025          20               18               18               0           2   3208.841861         20.763746       398.222222
17  22400513   2024-2025          20               18               18               0           2   2344.347229         20.563200       386.833333
18  22400518   2024-2025          20               18               18               0           2   1735.750860         21.078126       389.277778
19  22400520   2024-2025          20               18               18               0           2   1854.850858         20.294749       387.777778
20  22400524   2024-2025          20               18               18               0           2   1492.571869         20.814672       398.333333
21  22400525   2024-2025          20               18               17               1           2   1703.391426         21.649536       475.888889
22  22400529   2024-2025          19               18               18               0           1   2818.596176         20.548426       398.833333
23  22400497   2024-2025          20               17               17               0           3   1422.846985         21.203065       393.176471
24  22400498   2024-2025          20               17               17               0           3   1437.319395         20.030475       391.411765
25  22400503   2024-2025          19               17               17               0           2   3002.944069         21.021908       389.058824
26  22400505   2024-2025          20               17               17               0           3   1499.521903         21.004565       398.470588
27  22400515   2024-2025          26               17               17               0           9   1162.099873         20.882196       397.352941
28  22400516   2024-2025          20               17               17               0           3   1411.734443         19.637826       388.941176
29  22400523   2024-2025          20               17               17               0           3   1610.513246         21.772433       384.176471
30  22400526   2024-2025          20               17               17               0           3   1563.282051         21.098196       382.176471
31  22400551   2024-2025          20               17               17               0           3   2857.682983         19.858996       401.411765
32  22400493   2024-2025          20               16               16               0           4   1507.284525         21.287561       385.687500
33  22400496   2024-2025          20               16               16               0           4   1461.064399         20.525775       391.312500
34  22400500   2024-2025          20               16               16               0           4   1327.486669         21.919733       374.062500
35  22400521   2024-2025          20               16               16               0           4   1976.541846         21.791600       386.312500
36  22400527   2024-2025          20               16               16               0           4   1593.969424         21.646401       387.625000
37  22400491   2024-2025          19               14               14               0           5   1058.089658         20.559278       384.571429
38  22400522   2024-2025          20               14               14               0           6   1702.048239         20.215047       401.071429
39  22400552   2024-2025          16               14               14               0           2   2910.744444         20.846804       390.428571
40  22400512   2024-2025          15               12               12               0           3   2699.803916         19.328455       415.833333
41  22400061   2024-2025           1                1                1               0           0   1354.298466         16.483516       455.000000
42  22400530   2024-2025           1                1                1               0           0   2597.201846         24.431818       352.000000

RECENT SIMULATIONS:
                               run_id   game_id      status  scoring_rate  successful_predictions                  start_time
0  22400530_2024-2025_0001_1757486301  22400530  game_ended     24.431818                     352  2025-09-10T02:38:21.513736
1  22400529_2024-2025_0019_1757486069  22400529  game_ended     22.701149                     348  2025-09-10T02:34:29.399302
2  22400552_2024-2025_0016_1757485944  22400552  game_ended     21.390374                     374  2025-09-10T02:32:24.490313
3  22400529_2024-2025_0018_1757485820  22400529       error      0.000000                       0  2025-09-10T02:30:20.612874
4  22400529_2024-2025_0017_1757485817  22400529  game_ended     20.424403                     377  2025-09-10T02:30:17.894395
5  22400529_2024-2025_0016_1757485782  22400529  game_ended     14.588235                     425  2025-09-10T02:29:42.086607
6  22400552_2024-2025_0015_1757485598  22400552  game_ended     18.406593                     364  2025-09-10T02:26:38.879247
7  22400529_2024-2025_0015_1757485557  22400529  game_ended     21.153846                     364  2025-09-10T02:25:57.980216
8  22400529_2024-2025_0014_1757485447  22400529  game_ended     16.941176                     425  2025-09-10T02:24:07.200827
9  22400529_2024-2025_0013_1757485014  22400529  game_ended     20.854271                     398  2025-09-10T02:16:54.176514