NBA SIMULATION ANALYSIS RESULTS
========================================

Total simulations: 858
Completed: 2
Success rate: 0.2%
Average duration: 1811.2 seconds

PER-GAME BREAKDOWN:
     game_id season_year  total_runs  completed_runs  avg_duration  avg_scoring_rate  avg_predictions
0   22400061   2024-2025           1               0   1354.298466         16.483516       455.000000
1   22400491   2024-2025          19               0   1058.089658         15.148942       283.368421
2   22400492   2024-2025          20               0   1510.727512         19.046197       372.500000
3   22400493   2024-2025          20               0   1507.284525         17.030048       308.550000
4   22400494   2024-2025          20               0   1415.529131         19.327440       351.850000
5   22400495   2024-2025          20               0   1496.139059         18.404955       352.000000
6   22400496   2024-2025          20               0   1461.064399         16.420620       313.050000
7   22400497   2024-2025          20               0   1422.846985         18.022605       334.200000
8   22400498   2024-2025          20               0   1437.319395         17.025904       332.700000
9   22400499   2024-2025          20               0   1421.573204         18.393884       351.500000
10  22400500   2024-2025          20               0   1327.486669         17.535786       299.250000
11  22400501   2024-2025          20               0   1748.787177         18.060337       354.300000
12  22400502   2024-2025          20               0   2221.286923         19.495829       376.100000
13  22400503   2024-2025          19               0   3002.944069         18.809075       348.105263
14  22400504   2024-2025          37               0   2129.114340         17.682199       319.648649
15  22400505   2024-2025          20               0   1499.521903         17.853880       338.700000
16  22400506   2024-2025          20               0   1542.428738         20.088177       370.050000
17  22400507   2024-2025          20               1   1865.879389         19.823237       432.700000
18  22400508   2024-2025          20               0   1603.475309         21.377498       388.250000
19  22400509   2024-2025          20               0   1563.476850         20.652983       387.600000
20  22400510   2024-2025          20               0   1409.771932         18.767326       354.400000
21  22400511   2024-2025          20               0   3208.841861         18.687371       358.400000
22  22400512   2024-2025          15               0   2699.803916         15.462764       332.666667
23  22400513   2024-2025          20               0   2344.347229         18.506880       348.150000
24  22400514   2024-2025          40               0   1647.445025         10.968803       217.450000
25  22400515   2024-2025          26               0   1162.099873         13.653743       259.807692
26  22400516   2024-2025          20               0   1411.734443         16.692152       330.600000
27  22400517   2024-2025          20               0   1526.652318         20.615368       359.400000
28  22400518   2024-2025          20               0   1735.750860         18.970313       350.350000
29  22400519   2024-2025          20               0   1575.727114         20.453700       373.700000
30  22400520   2024-2025          20               0   1854.850858         18.265274       349.000000
31  22400521   2024-2025          20               0   1976.541846         17.433280       309.050000
32  22400522   2024-2025          20               0   1702.048239         14.150533       280.750000
33  22400523   2024-2025          20               0   1610.513246         18.506568       326.550000
34  22400524   2024-2025          20               0   1492.571869         18.733205       358.500000
35  22400525   2024-2025          20               1   1703.391426         19.484582       428.300000
36  22400526   2024-2025          20               0   1563.282051         17.933467       324.850000
37  22400527   2024-2025          20               0   1593.969424         17.317121       310.100000
38  22400528   2024-2025          25               0   2606.037949         18.325704       361.720000
39  22400529   2024-2025          19               0   2818.596176         19.466930       377.842105
40  22400530   2024-2025           1               0   2597.201846         24.431818       352.000000
41  22400551   2024-2025          20               0   2857.682983         16.880146       341.200000
42  22400552   2024-2025          16               0   2910.744444         18.240954       341.625000

RECENT SIMULATIONS:
                               run_id   game_id      status  scoring_rate                  start_time
0  22400530_2024-2025_0001_1757486301  22400530  game_ended     24.431818  2025-09-10T02:38:21.513736
1  22400529_2024-2025_0019_1757486069  22400529  game_ended     22.701149  2025-09-10T02:34:29.399302
2  22400552_2024-2025_0016_1757485944  22400552  game_ended     21.390374  2025-09-10T02:32:24.490313
3  22400529_2024-2025_0018_1757485820  22400529       error      0.000000  2025-09-10T02:30:20.612874
4  22400529_2024-2025_0017_1757485817  22400529  game_ended     20.424403  2025-09-10T02:30:17.894395
5  22400529_2024-2025_0016_1757485782  22400529  game_ended     14.588235  2025-09-10T02:29:42.086607
6  22400552_2024-2025_0015_1757485598  22400552  game_ended     18.406593  2025-09-10T02:26:38.879247
7  22400529_2024-2025_0015_1757485557  22400529  game_ended     21.153846  2025-09-10T02:25:57.980216
8  22400529_2024-2025_0014_1757485447  22400529  game_ended     16.941176  2025-09-10T02:24:07.200827
9  22400529_2024-2025_0013_1757485014  22400529  game_ended     20.854271  2025-09-10T02:16:54.176514