game_id,date,away_team,home_team,market_spread_home,baseline_margin,pred_margin_mu,pred_margin_sigma,cover_prob_home,cover_prob_away,win_prob_home,win_prob_away,actual_home,actual_away,actual_margin
2024-11-12-ATL-BOS,2024-11-12,ATL,BOS,-16.0,16.0,16.21735217040477,7.554198102728969,0.5114769306925311,0.4885230693074689,0.9840953946572712,0.01590460534272875,116,117,-1
2024-11-12-MIA-DET,2024-11-12,MIA,DET,1.5,-1.5,-1.786570616262785,6.732127545082908,0.48302310561734174,0.5169768943826583,0.3953584504484924,0.6046415495515076,123,121,2
2024-11-12-CHA-ORL,2024-11-12,CHA,ORL,-9.0,9.0,9.516091937870042,7.2547162134956205,0.5283563630236757,0.4716436369763243,0.905191188513041,0.09480881148695897,114,89,25
2024-11-12-NYK-PHI,2024-11-12,NYK,PHI,3.5,-3.5,-3.0631855626311193,6.6081759523094625,0.5263517383401188,0.47364826165988116,0.3214869573051543,0.6785130426948457,99,111,-12
2024-11-12-TOR-MIL,2024-11-12,TOR,MIL,-9.0,9.0,8.877820539984153,6.892518137294573,0.49292856415329256,0.5070714358467074,0.9011335125594838,0.09886648744051618,99,85,14
2024-11-12-PHX-UTA,2024-11-12,PHX,UTA,5.5,-5.5,-5.088230446295155,6.569930631994316,0.5249872958914376,0.47501270410856244,0.2193257192209761,0.7806742807790239,112,120,-8
2024-11-12-DAL-GSW,2024-11-12,DAL,GSW,-2.5,2.5,2.9506799530568273,7.31102190462533,0.5245767945898465,0.4754232054101535,0.6567441182681907,0.3432558817318093,120,117,3
2024-11-12-MIN-POR,2024-11-12,MIN,POR,9.0,-9.0,-8.496982404473169,6.94632992697017,0.5288641253103399,0.4711358746896601,0.11062078692977262,0.8893792130702274,122,108,14
2024-11-15-MIA-IND,2024-11-15,MIA,IND,-4.5,4.5,3.599079839232365,6.951650863919031,0.448442236456015,0.551557763543985,0.6976767502349206,0.3023232497650794,111,124,-13
2024-11-15-PHI-ORL,2024-11-15,PHI,ORL,-2.5,2.5,2.604167598264003,6.900271733330607,0.5060222673002931,0.4939777326997069,0.647062088247536,0.35293791175246403,98,86,12
2024-11-15-DET-TOR,2024-11-15,DET,TOR,2.5,-2.5,-2.4243204932630404,6.635810820444568,0.5045497229099725,0.49545027709002754,0.35742918457321693,0.6425708154267831,95,99,-4
2024-11-15-WAS-ATL,2024-11-15,WAS,ATL,-9.5,9.5,9.626592457053038,6.86419195184196,0.5073570525295055,0.49264294747049453,0.9196075107668975,0.0803924892331025,129,117,12
2024-11-15-CHI-CLE,2024-11-15,CHI,CLE,-10.0,10.0,9.769963254067248,7.600019072731375,0.4879266917136241,0.5120733082863759,0.9006943790677102,0.09930562093228978,144,126,18
2024-11-15-BKN-NYK,2024-11-15,BKN,NYK,-8.5,8.5,8.067733555973248,7.2564488494806545,0.4762490679674586,0.5237509320325414,0.8668883307715373,0.13311166922846274,124,122,2
2024-11-15-LAL-SAS,2024-11-15,LAL,SAS,2.5,-2.5,-2.5850429134683703,6.922595716456958,0.49509918506379724,0.5049008149362028,0.3544175501063762,0.6455824498936238,115,120,-5
2024-11-15-LAC-HOU,2024-11-15,LAC,HOU,-5.0,5.0,5.158067822663081,7.231238321680502,0.5087197950523235,0.49128020494767655,0.7621710232639782,0.23782897673602177,125,104,21
2024-11-15-DEN-NOP,2024-11-15,DEN,NOP,2.0,-2.0,-2.5788679900606555,6.6071982416783674,0.4650926441328016,0.5349073558671984,0.34815296853155653,0.6518470314684435,101,94,7
2024-11-15-PHX-OKC,2024-11-15,PHX,OKC,-7.5,7.5,7.723502009100417,7.602941306029837,0.511725930406256,0.488274069593744,0.8451512830437162,0.15484871695628377,99,83,16
2024-11-15-MEM-GSW,2024-11-15,MEM,GSW,-7.0,7.0,7.807219374786445,7.673297137139896,0.5418908508664086,0.45810914913359135,0.845531015635526,0.15446898436447398,123,118,5
2024-11-15-MIN-SAC,2024-11-15,MIN,SAC,1.5,-1.5,-1.5032768566311938,7.3534279780110925,0.4998222221503169,0.5001777778496831,0.41900791676510174,0.5809920832348983,126,130,-4
2024-11-19-CLE-BOS,2024-11-19,CLE,BOS,-7.0,7.0,7.982153506948803,7.401291648149326,0.5527847910484975,0.44721520895150246,0.8595904546174296,0.14040954538257044,120,117,3
2024-11-19-CHA-BKN,2024-11-19,CHA,BKN,-1.5,1.5,1.5399295644392397,6.664880328394544,0.5023900648498025,0.49760993515019747,0.5913625432868922,0.4086374567131078,116,115,1
2024-11-19-DEN-MEM,2024-11-19,DEN,MEM,-6.0,6.0,6.319660339741036,7.562487295384181,0.5168579536416844,0.4831420463583156,0.7983266079857159,0.20167339201428414,110,122,-12
2024-11-19-NOP-DAL,2024-11-19,NOP,DAL,-13.0,13.0,12.387352799871971,6.928728946287389,0.46477091750765354,0.5352290824923465,0.9630978533135026,0.036902146686497383,132,91,41
2024-11-19-OKC-SAS,2024-11-19,OKC,SAS,10.0,-10.0,-9.201408518564323,6.8223836442713175,0.5465916122547202,0.4534083877452798,0.0887152669192871,0.9112847330807129,110,104,6
2024-11-19-UTA-LAL,2024-11-19,UTA,LAL,-10.5,10.5,10.440871759122434,7.026705933755237,0.4966430248973257,0.5033569751026743,0.9313451314271349,0.06865486857286507,124,118,6
2024-11-22-BKN-PHI,2024-11-22,BKN,PHI,-2.5,2.5,2.1141810147336897,6.678509020457349,0.47696582679800814,0.5230341732019919,0.624213083803669,0.375786916196331,113,98,15
2024-11-22-BOS-WAS,2024-11-22,BOS,WAS,15.5,-15.5,-15.03635334396521,6.832176266207613,0.5270523436863306,0.4729476563136694,0.01387457544191717,0.9861254245580828,96,108,-12
2024-11-22-IND-MIL,2024-11-22,IND,MIL,-5.5,5.5,5.2814919296542335,7.063966382017832,0.4876615765738166,0.5123384234261834,0.7726693676002064,0.22733063239979356,129,117,12
2024-11-22-ATL-CHI,2024-11-22,ATL,CHI,2.5,-2.5,-2.650294135587732,6.7462531689539995,0.4911130335162919,0.5088869664837081,0.3472135719040511,0.6527864280959489,136,122,14
2024-11-22-POR-HOU,2024-11-22,POR,HOU,-11.5,11.5,11.913784957165477,7.648788636597792,0.5215714982759153,0.4784285017240847,0.9403364433712027,0.0596635566287973,116,88,28
2024-11-22-GSW-NOP,2024-11-22,GSW,NOP,10.5,-10.5,-10.735899889419718,6.44154154327893,0.485393339860139,0.514606660139861,0.04779039370211979,0.9522096062978802,108,112,-4
2024-11-22-DAL-DEN,2024-11-22,DAL,DEN,-4.5,4.5,4.719721093463888,7.421726989452075,0.5118090077070261,0.4881909922929739,0.7375899529887038,0.2624100470112962,120,123,-3
2024-11-22-SAC-LAC,2024-11-22,SAC,LAC,4.0,-4.0,-4.032438652389726,6.980241279676882,0.4981460378146815,0.5018539621853185,0.28173560011897436,0.7182643998810256,104,88,16
2024-11-26-CHI-WAS,2024-11-26,CHI,WAS,5.5,-5.5,-5.23966872377422,6.830860087342929,0.51520043096828,0.48479956903171995,0.2215233920533184,0.7784766079466816,108,127,-19
2024-11-26-MIL-MIA,2024-11-26,MIL,MIA,-5.5,5.5,5.135179128501637,7.369649095439859,0.48025916201792973,0.5197408379820703,0.7570363413260861,0.2429636586739139,103,106,-3
2024-11-26-HOU-MIN,2024-11-26,HOU,MIN,-2.5,2.5,1.9790004972045885,7.1985408178727655,0.4711514573431369,0.5288485426568631,0.6083099569919269,0.3916900430080731,111,117,-6
2024-11-26-SAS-UTA,2024-11-26,SAS,UTA,1.5,-1.5,-1.7189402187599345,6.910030465577972,0.48736186496387857,0.5126381350361214,0.40177315876250197,0.598226841237498,115,128,-13
2024-11-26-LAL-PHX,2024-11-26,LAL,PHX,-2.5,2.5,2.391993977853911,6.639394886656778,0.49351051275305646,0.5064894872469435,0.640678464342591,0.359321535657409,127,100,27
2024-11-29-NYK-CHA,2024-11-29,NYK,CHA,12.5,-12.5,-11.286232003252312,6.7225680933875624,0.5716400837140001,0.4283599162859999,0.04658993652818688,0.9534100634718131,98,99,-1
2024-11-29-CLE-ATL,2024-11-29,CLE,ATL,5.5,-5.5,-4.6353670029802085,7.383299583729094,0.5466122040404786,0.4533877959595214,0.2650616475578571,0.7349383524421429,117,101,16
2024-11-29-NOP-MEM,2024-11-29,NOP,MEM,-11.5,11.5,11.481288453712585,7.145031050791108,0.49895524339081,0.50104475660919,0.9459608957654734,0.054039104234526625,120,109,11
2024-11-29-ORL-BKN,2024-11-29,ORL,BKN,8.0,-8.0,-8.716538829576038,6.552548317696535,0.45646137557043187,0.5435386244295681,0.09171767029968725,0.9082823297003128,100,123,-23
2024-11-29-LAC-MIN,2024-11-29,LAC,MIN,-6.5,6.5,6.337879454340169,6.993352860897952,0.4907525118555037,0.5092474881444963,0.8176040327760086,0.18239596722399143,93,92,1
2024-11-29-DET-IND,2024-11-29,DET,IND,-4.5,4.5,3.970973292456163,6.976145840362759,0.4697757161652343,0.5302242838347657,0.715397137273472,0.284602862726528,106,130,-24
2024-11-29-TOR-MIA,2024-11-29,TOR,MIA,-8.0,8.0,7.636608023893455,6.9211810419734805,0.47906342247247347,0.5209365775275265,0.8650662542674263,0.13493374573257366,121,111,10
2024-11-29-BOS-CHI,2024-11-29,BOS,CHI,12.5,-12.5,-12.825899439343162,7.035013227105346,0.48152546791220785,0.5184745320877922,0.03414017552753923,0.9658598244724608,129,138,-9
2024-11-29-OKC-LAL,2024-11-29,OKC,LAL,3.0,-3.0,-3.347610023748234,6.987058920548455,0.4801605866394072,0.5198394133605928,0.3159281403597306,0.6840718596402694,93,101,-8
2024-11-29-SAC-POR,2024-11-29,SAC,POR,7.0,-7.0,-6.490372364713101,6.564656258614791,0.5309396211448973,0.46906037885510266,0.16140882124907763,0.8385911787509224,115,106,9
2024-12-03-PHI-CHA,2024-12-03,PHI,CHA,5.0,-5.0,-4.864116915034286,6.3766953590093145,0.5085005480690845,0.4914994519309155,0.2227925708320624,0.7772074291679376,104,110,-6
2024-12-03-WAS-CLE,2024-12-03,WAS,CLE,-16.0,16.0,15.147826942953946,7.216471708448961,0.45299927616465374,0.5470007238353463,0.982094315181786,0.017905684818213974,118,87,31
2024-12-03-MIL-DET,2024-12-03,MIL,DET,2.5,-2.5,-2.2678690854270416,6.972392072019898,0.5132794786206971,0.4867205213793029,0.37249058571418026,0.6275094142858197,107,128,-21
2024-12-03-ORL-NYK,2024-12-03,ORL,NYK,-5.0,5.0,4.073530113049355,7.256998590484622,0.449206763206883,0.550793236793117,0.7127117820874992,0.2872882179125008,121,106,15
2024-12-03-IND-TOR,2024-12-03,IND,TOR,3.0,-3.0,-2.4920055906515364,6.91906672858992,0.5292638490486153,0.47073615095138466,0.35936187756077587,0.6406381224392241,122,111,11
2024-12-03-UTA-OKC,2024-12-03,UTA,OKC,-13.5,13.5,13.881072067384293,7.429320588175969,0.5204539730786042,0.4795460269213958,0.969148045167521,0.030851954832479045,133,106,27
2024-12-03-MEM-DAL,2024-12-03,MEM,DAL,-4.5,4.5,4.748337709023903,7.720338204560433,0.5128304391603324,0.48716956083966756,0.7307367415653916,0.2692632584346084,121,116,5
2024-12-03-SAS-PHX,2024-12-03,SAS,PHX,-6.5,6.5,6.716010731589819,7.006463688943886,0.5122975252442923,0.4877024747557077,0.8311059941286862,0.16889400587131376,104,93,11
2024-12-03-GSW-DEN,2024-12-03,GSW,DEN,-5.0,5.0,4.321739851638076,7.341077967283467,0.46319312055953044,0.5368068794404696,0.721970890362357,0.27802910963764305,119,115,4
2024-12-03-HOU-SAC,2024-12-03,HOU,SAC,-1.5,1.5,0.6785380232648792,6.943332792034983,0.4529112296829877,0.5470887703170123,0.5389247155216145,0.4610752844783855,120,111,9
2024-12-03-POR-LAC,2024-12-03,POR,LAC,-8.5,8.5,8.79845996367574,7.316934881084757,0.5162684635149815,0.48373153648501854,0.8854109859908523,0.11458901400914767,127,105,22
2024-10-22-NYK-BOS,2024-10-22,NYK,BOS,-6.0,6.0,6.115938503089955,6.7625613971678815,0.5068391992920647,0.49316080070793533,0.8171035486155214,0.18289645138447863,132,109,23
2024-10-22-MIN-LAL,2024-10-22,MIN,LAL,1.0,-1.0,-1.8309398570929913,6.659476836297272,0.4503506238408561,0.5496493761591439,0.3916821312485752,0.6083178687514248,110,103,7
2024-10-23-IND-DET,2024-10-23,IND,DET,5.0,-5.0,-4.13518346697368,6.657957158242806,0.5516741321607501,0.4483258678392499,0.267270557235499,0.732729442764501,109,115,-6
2024-10-23-BKN-ATL,2024-10-23,BKN,ATL,-7.0,7.0,6.322832848335628,6.68632824759758,0.45966553104592733,0.5403344689540727,0.827832867774701,0.172167132225299,120,116,4
2024-10-23-ORL-MIA,2024-10-23,ORL,MIA,-2.0,2.0,0.9447045437048289,6.636027803482632,0.43682452128844707,0.5631754787115529,0.5566021497653435,0.4433978502346565,97,116,-19
2024-10-23-MIL-PHI,2024-10-23,MIL,PHI,4.0,-4.0,-3.912526913891343,6.7026148678666,0.505206284796288,0.49479371520371196,0.2797005113439035,0.7202994886560965,109,124,-15
2024-10-23-CLE-TOR,2024-10-23,CLE,TOR,6.5,-6.5,-7.48482419139218,6.015837221432939,0.43498158859859737,0.5650184114014026,0.10671544311186076,0.8932845568881392,106,136,-30
2024-10-23-CHA-HOU,2024-10-23,CHA,HOU,-8.5,8.5,8.351244934256767,6.903168795477031,0.4914039342755194,0.5085960657244806,0.8868163756699747,0.11318362433002527,105,110,-5
2024-10-23-CHI-NOP,2024-10-23,CHI,NOP,-5.0,5.0,5.212104905977213,6.793730945680979,0.512453226510357,0.48754677348964304,0.7785167039309298,0.22148329606907025,123,111,12
2024-10-23-MEM-UTA,2024-10-23,MEM,UTA,2.0,-2.0,-2.173491281571425,6.303328229092866,0.4890209953892839,0.5109790046107161,0.3651161815914844,0.6348838184085156,124,126,-2
2024-10-23-PHX-LAC,2024-10-23,PHX,LAC,5.0,-5.0,-5.362613677959035,6.553485777678028,0.477937215241076,0.522062784758924,0.2065974711625519,0.7934025288374481,113,116,-3
2024-10-23-GSW-POR,2024-10-23,GSW,POR,7.5,-7.5,-6.850221772509366,6.70608504934554,0.5385946434449,0.46140535655509995,0.1535103617655602,0.8464896382344398,104,139,-35
2024-10-24-BOS-WAS,2024-10-24,BOS,WAS,14.0,-14.0,-13.944206035360454,6.663010542228298,0.5033405787405212,0.4966594212594788,0.018184460420068604,0.9818155395799314,102,122,-20
2024-10-24-SAS-DAL,2024-10-24,SAS,DAL,-9.0,9.0,8.50988767356161,7.1662927329714705,0.47273705970643276,0.5272629402935672,0.8824824352686995,0.11751756473130048,120,109,11
2024-10-24-OKC-DEN,2024-10-24,OKC,DEN,-2.0,2.0,1.1758887793996764,6.635914621183593,0.4505825998308214,0.5494174001691786,0.5703246308288621,0.4296753691711379,87,102,-15
2024-10-24-MIN-SAC,2024-10-24,MIN,SAC,1.0,-1.0,-0.5181126919730158,7.019229853518437,0.5273668648229872,0.4726331351770128,0.4705794622060059,0.5294205377939941,115,117,-2
2024-10-25-BKN-ORL,2024-10-25,BKN,ORL,-12.0,12.0,11.889830874234455,7.219957054702948,0.4939127869569989,0.5060872130430011,0.950200499001702,0.049799500998297996,116,101,15
2024-10-25-PHI-TOR,2024-10-25,PHI,TOR,5.5,-5.5,-5.3004100208505935,6.8744684863006285,0.5115810693488198,0.48841893065118025,0.22034506706211576,0.7796549329378842,115,107,8
2024-10-25-CHA-ATL,2024-10-25,CHA,ATL,-5.5,5.5,5.499071746281531,7.096177381586687,0.4999478142055549,0.5000521857944451,0.7808107791433848,0.21918922085661519,125,120,5
2024-10-25-DET-CLE,2024-10-25,DET,CLE,-10.5,10.5,10.399188396706721,7.209270121425898,0.4944215295645352,0.5055784704354648,0.9254157215049992,0.07458427849500082,113,101,12
2024-10-25-IND-NYK,2024-10-25,IND,NYK,-4.5,4.5,5.010999253428825,6.994424797868851,0.5291200505045024,0.4708799494954976,0.7631363335849981,0.2368636664150019,123,98,25
2024-10-25-MEM-HOU,2024-10-25,MEM,HOU,-4.0,4.0,4.0380151707730825,7.052565998465703,0.5021503925636757,0.49784960743632434,0.7165285782869771,0.28347142171302286,128,108,20
2024-10-25-CHI-MIL,2024-10-25,CHI,MIL,-9.0,9.0,8.932582457869076,7.171260602866741,0.49624956987105706,0.5037504301289429,0.8935459018572061,0.10645409814279394,122,133,-11
2024-10-25-GSW-UTA,2024-10-25,GSW,UTA,6.5,-6.5,-6.270457710850088,6.84195081113072,0.5133817022568409,0.4866182977431591,0.1797096410119241,0.8202903589880759,86,127,-41
2024-10-25-PHX-LAL,2024-10-25,PHX,LAL,-1.5,1.5,2.0830569191250876,6.915094909738476,0.5335976213413078,0.46640237865869216,0.6183817039467296,0.38161829605327036,123,116,7
2024-10-25-NOP-POR,2024-10-25,NOP,POR,6.5,-6.5,-6.270457710850088,6.84195081113072,0.5133817022568409,0.4866182977431591,0.1797096410119241,0.8202903589880759,103,105,-2
2024-10-26-LAC-DEN,2024-10-26,LAC,DEN,-7.5,7.5,7.295022776886254,7.214616988285088,0.4886670240629838,0.5113329759370162,0.8440264453180284,0.1559735546819716,104,109,-5
2024-10-26-MIA-CHA,2024-10-26,MIA,CHA,6.0,-6.0,-6.430253211415887,6.994857348061483,0.4754765517369527,0.5245234482630473,0.17897379250356837,0.8210262074964316,106,114,-8
2024-10-26-BOS-DET,2024-10-26,BOS,DET,12.5,-12.5,-12.61074603183447,6.774683064979079,0.49347876403793445,0.5065212359620656,0.031340200172828014,0.968659799827172,118,124,-6
2024-10-26-CLE-WAS,2024-10-26,CLE,WAS,9.5,-9.5,-8.964935884354848,6.660212153771685,0.5320155425538553,0.4679844574461447,0.08914422942722344,0.9108557705727766,116,135,-19
2024-10-26-OKC-CHI,2024-10-26,OKC,CHI,9.5,-9.5,-9.666783781385657,6.835046865149645,0.4902662701451097,0.5097337298548903,0.07863741228268561,0.9213625877173144,95,114,-19
2024-10-26-ORL-MEM,2024-10-26,ORL,MEM,-1.0,1.0,0.8512599849079708,6.943473615950054,0.491454688798578,0.508545311201422,0.5487875093422426,0.45121249065775737,124,111,13
2024-10-26-TOR-MIN,2024-10-26,TOR,MIN,-15.0,15.0,15.104008454122244,7.130541543787857,0.5058188986485979,0.49418110135140214,0.9829214994316745,0.017078500568325494,112,101,11
2024-10-26-HOU-SAS,2024-10-26,HOU,SAS,1.5,-1.5,-1.1344245808292528,6.841324102300205,0.5213078800148987,0.4786921199851013,0.434149520666374,0.565850479333626,109,106,3
2024-10-26-DAL-PHX,2024-10-26,DAL,PHX,3.5,-3.5,-3.782002069138403,6.960854993532979,0.483842246138826,0.516157753861174,0.29345324818490226,0.7065467518150977,114,102,12
2024-10-26-SAC-LAL,2024-10-26,SAC,LAL,-1.0,1.0,0.6503937820350583,7.035747967239996,0.48018471831010046,0.5198152816898995,0.5368262916619682,0.46317370833803184,131,127,4
2024-10-27-PHI-IND,2024-10-27,PHI,IND,-8.0,8.0,7.946930788526222,7.121067822826149,0.49702694079038,0.50297305920962,0.8677834956067927,0.1322165043932073,114,118,-4
2024-10-27-MIL-BKN,2024-10-27,MIL,BKN,8.5,-8.5,-8.21677428070819,6.751889618037799,0.516729773883924,0.48327022611607595,0.11180986719337072,0.8881901328066293,115,102,13
2024-10-27-NOP-POR,2024-10-27,NOP,POR,6.5,-6.5,-6.263458178999557,6.801971124543621,0.5138706141339222,0.4861293858660778,0.1785696290119101,0.8214303709880899,125,103,22
2024-10-27-ATL-OKC,2024-10-27,ATL,OKC,-10.5,10.5,9.92638370659362,7.234527355909897,0.46840149571660283,0.5315985042833972,0.9149814513817762,0.08501854861822378,128,104,24
2024-10-27-LAC-GSW,2024-10-27,LAC,GSW,-9.0,9.0,9.143959226568988,7.03194521583468,0.5081666464884151,0.49183335351158486,0.9032587321073955,0.09674126789260451,104,112,-8
2024-10-28-IND-ORL,2024-10-28,IND,ORL,-5.5,5.5,5.4755389954399485,6.811548941047215,0.49856735845984845,0.5014326415401515,0.7892613912663223,0.21073860873367767,119,115,4
2024-10-28-WAS-ATL,2024-10-28,WAS,ATL,-8.0,8.0,7.156659083421948,6.977714591898326,0.4519001492202128,0.5480998507797872,0.8474705598288266,0.15252944017117342,119,121,-2
2024-10-28-MIL-BOS,2024-10-28,MIL,BOS,-9.0,9.0,8.566487198246582,7.251151965653596,0.4761632889699351,0.5238367110300649,0.8812774211509528,0.11872257884904724,119,108,11
2024-10-28-DET-MIA,2024-10-28,DET,MIA,-8.5,8.5,8.479119387237725,7.044669664600575,0.4988175248136849,0.5011824751863151,0.8856321437415818,0.11436785625841817,106,98,8
2024-10-28-CLE-NYK,2024-10-28,CLE,NYK,-3.0,3.0,3.6569094485342495,7.559827254616846,0.5346224215289702,0.4653775784710298,0.6857109785159521,0.3142890214840479,104,110,-6
2024-10-28-DEN-TOR,2024-10-28,DEN,TOR,8.5,-8.5,-8.63127185291133,6.337201242815409,0.49173670752180887,0.5082632924781911,0.08659884893047398,0.913401151069526,125,127,-2
2024-10-28-CHI-MEM,2024-10-28,CHI,MEM,-5.0,5.0,4.765002797507352,7.460398636814448,0.48743568226471434,0.5125643177352857,0.7384929578072433,0.26150704219275667,123,126,-3
2024-10-28-HOU-SAS,2024-10-28,HOU,SAS,2.5,-2.5,-2.2821625425518235,6.976327258002622,0.5124550424124995,0.4875449575875005,0.3717849650776861,0.6282150349223139,101,106,-5
2024-10-28-UTA-DAL,2024-10-28,UTA,DAL,-11.5,11.5,11.180198502427476,7.29532094668653,0.482517357332216,0.517482642667784,0.9373024648222472,0.06269753517775278,110,102,8
2024-10-28-LAL-PHX,2024-10-28,LAL,PHX,-4.5,4.5,4.246706248005022,7.003622515315361,0.4855749560262155,0.5144250439737845,0.7278616497712334,0.27213835022876665,109,105,4
2024-10-28-POR-SAC,2024-10-28,POR,SAC,-13.0,13.0,13.077270436337994,7.1179848121097855,0.5043306974439554,0.4956693025560446,0.9669109393443539,0.033089060655646096,111,98,13
2024-10-29-DEN-BKN,2024-10-29,DEN,BKN,5.5,-5.5,-5.505822447064684,6.236151908713369,0.4996275235103268,0.5003724764896732,0.1886484475893695,0.8113515524106305,139,144,-5
2024-10-29-DAL-MIN,2024-10-29,DAL,MIN,-4.0,4.0,4.940074092952167,6.751230640954231,0.5553716654516572,0.44462833454834283,0.7678331326172645,0.2321668673827355,114,120,-6
2024-10-29-SAC-UTA,2024-10-29,SAC,UTA,6.5,-6.5,-6.926203747444868,6.682367183158163,0.47457256064472186,0.5254274393552781,0.1499869063161039,0.8500130936838961,96,113,-17
2024-10-29-NOP-GSW,2024-10-29,NOP,GSW,1.5,-1.5,-0.6242670240357807,7.409455076840531,0.5470419502629045,0.4529580497370955,0.466427736300445,0.533572263699555,124,106,18
2024-10-30-TOR-CHA,2024-10-30,TOR,CHA,-6.5,6.5,7.046668558012097,6.534599209869842,0.5333356453852539,0.4666643546147461,0.8595640544260602,0.1404359455739398,138,133,5
2024-10-30-LAL-CLE,2024-10-30,LAL,CLE,-4.0,4.0,3.906383552572121,7.415329974634637,0.4949636001264942,0.5050363998735058,0.7008331835700237,0.29916681642997633,134,110,24
2024-10-30-BOS-IND,2024-10-30,BOS,IND,6.5,-6.5,-5.858072283527212,7.170481057777388,0.5356671248988636,0.4643328751011364,0.20697261194784944,0.7930273880521506,135,132,3
2024-10-30-DET-PHI,2024-10-30,DET,PHI,-4.0,4.0,4.85669889335496,6.638165492847838,0.551343558085083,0.44865644191491705,0.7678036058338975,0.2321963941661025,95,105,-10
2024-10-30-ATL-WAS,2024-10-30,ATL,WAS,5.5,-5.5,-6.0268544607447625,6.709058607823584,0.46870370268518946,0.5312962973148105,0.18450856162727547,0.8154914383727245,133,120,13
2024-10-30-NYK-MIA,2024-10-30,NYK,MIA,2.0,-2.0,-1.407106269860547,6.6595238349277714,0.5354707464908864,0.46452925350911356,0.4163295860207742,0.5836704139792258,107,116,-9
2024-10-30-ORL-CHI,2024-10-30,ORL,CHI,5.5,-5.5,-5.2250874686020925,7.272875856824291,0.5150763085378838,0.4849236914621162,0.23624460285805227,0.7637553971419477,102,99,3
2024-10-30-BKN-MEM,2024-10-30,BKN,MEM,-12.0,12.0,12.284414739312435,7.333725398310217,0.5154678042281187,0.48453219577188134,0.9530385649754014,0.0469614350245986,106,119,-13
2024-10-30-SAS-OKC,2024-10-30,SAS,OKC,-12.5,12.5,13.900141981517654,7.937347890823638,0.5700098415297423,0.4299901584702577,0.9600470695537655,0.03995293044623449,105,93,12
2024-10-30-NOP-GSW,2024-10-30,NOP,GSW,-3.5,3.5,3.8381844293182645,7.418511583486391,0.5181801095161962,0.4818198904838038,0.6975543012531844,0.3024456987468156,104,89,15
2024-10-30-POR-LAC,2024-10-30,POR,LAC,-8.0,8.0,8.301166790093744,6.953894175052215,0.517272425163261,0.482727574836739,0.8837108635944407,0.11628913640555927,105,106,-1
2024-10-31-MIL-MEM,2024-10-31,MIL,MEM,6.5,-6.5,-7.674359043190416,7.071744513411591,0.434053466869746,0.565946533130254,0.13891335191687548,0.8610866480831245,122,99,23
2024-10-31-HOU-DAL,2024-10-31,HOU,DAL,-6.5,6.5,6.418989656147021,7.294330659708956,0.4955694650456922,0.5044305349543078,0.8105695533729413,0.18943044662705866,102,108,-6
2024-10-31-SAS-UTA,2024-10-31,SAS,UTA,2.0,-2.0,-1.7710516231568776,6.327549362437436,0.5144316948868195,0.4855683051131805,0.3897788986605638,0.6102211013394362,88,106,-18
2024-10-31-PHX-LAC,2024-10-31,PHX,LAC,4.0,-4.0,-5.115071728447363,7.245697781770986,0.4388465316187289,0.5611534683812711,0.24011084424151719,0.7598891557584828,119,125,-6
2024-11-01-BOS-CHA,2024-11-01,BOS,CHA,10.5,-10.5,-9.460252086010454,7.0316663569790325,0.5587759378289315,0.44122406217106847,0.08925153228338822,0.9107484677166118,109,124,-15
2024-11-01-ORL-CLE,2024-11-01,ORL,CLE,-7.0,7.0,6.382581157558525,7.842584299892116,0.46862510225620224,0.5313748977437978,0.7921306816392919,0.2078693183607081,120,109,11
2024-11-01-NYK-DET,2024-11-01,NYK,DET,6.0,-6.0,-5.789381222126111,6.4519801427712276,0.5130207801008552,0.48697921989914483,0.1847786245774361,0.8152213754225639,98,128,-30
2024-11-01-SAC-ATL,2024-11-01,SAC,ATL,6.0,-6.0,-6.667890391048747,6.962020328551134,0.46178672749350846,0.5382132725064915,0.1690938600783376,0.8309061399216624,115,123,-8
2024-11-01-CHI-BKN,2024-11-01,CHI,BKN,-1.0,1.0,0.6196996159649321,7.082334434918373,0.47858827121139136,0.5214117287886086,0.5348626965169516,0.4651373034830484,120,112,8
2024-11-01-LAL-TOR,2024-11-01,LAL,TOR,9.0,-9.0,-9.503193298903625,6.462929095079183,0.4689703466681454,0.5310296533318546,0.07072458227482348,0.9292754177251765,125,131,-6
2024-11-01-IND-NOP,2024-11-01,IND,NOP,4.5,-4.5,-4.6759056566728265,6.545533236261825,0.48928005479759396,0.510719945202406,0.23750048009323177,0.7624995199067682,125,118,7
2024-11-01-DEN-MIN,2024-11-01,DEN,MIN,-3.5,3.5,3.2374554372059308,6.479451219036229,0.4838394535126541,0.5161605464873459,0.6913390991365713,0.3086609008634287,119,116,3
2024-11-01-OKC-POR,2024-11-01,OKC,POR,11.5,-11.5,-11.608378104790072,6.968257035635377,0.49379545488044907,0.5062045451195509,0.047867257032763066,0.9521327429672369,114,137,-23
2024-11-02-BOS-CHA,2024-11-02,BOS,CHA,10.0,-10.0,-9.528652575449778,6.913360838561631,0.5271785085474439,0.47282149145255614,0.08405607078067112,0.9159439292193289,103,113,-10
2024-11-02-MEM-PHI,2024-11-02,MEM,PHI,1.0,-1.0,-0.33386533589857115,6.8201307026224605,0.5389035585306134,0.46109644146938655,0.48047840630343364,0.5195215936965664,107,124,-17
2024-11-02-SAC-TOR,2024-11-02,SAC,TOR,9.5,-9.5,-10.462544032619963,6.706011090609803,0.44293402820310923,0.5570659717968908,0.059359386035356954,0.940640613964643,131,128,3
2024-11-02-GSW-HOU,2024-11-02,GSW,HOU,-5.0,5.0,5.899968202415058,7.875387976151041,0.5454905148844483,0.45450948511555167,0.7731212404062979,0.22687875959370207,121,127,-6
2024-11-02-CLE-MIL,2024-11-02,CLE,MIL,-2.0,2.0,2.1561065389161667,7.250630864130921,0.5085885888735493,0.4914114111264507,0.6169072636980677,0.3830927363019323,113,114,-1
2024-11-02-MIN-SAS,2024-11-02,MIN,SAS,3.5,-3.5,-2.875570626444113,6.961380800108208,0.535736821923387,0.464263178076613,0.3397759245672407,0.6602240754327593,113,103,10
2024-11-02-UTA-DEN,2024-11-02,UTA,DEN,-11.0,11.0,9.410400276398374,6.8611912815960245,0.40839334394237614,0.5916066560576239,0.9148967035174163,0.08510329648258375,129,103,26
2024-11-02-POR-PHX,2024-11-02,POR,PHX,-13.0,13.0,12.566049341113906,6.895158773295313,0.4749089102306544,0.5250910897693456,0.9658062728728427,0.03419372712715729,103,97,6
2024-11-02-OKC-LAC,2024-11-02,OKC,LAC,5.5,-5.5,-5.218730528356519,7.130773435017269,0.515731981235087,0.484268018764913,0.23212689659928532,0.7678731034007147,92,105,-13
2024-11-03-DET-BKN,2024-11-03,DET,BKN,-3.0,3.0,2.8177362775633927,6.800306295928011,0.4893087168195115,0.5106912831804885,0.660692680423696,0.339307319576304,92,106,-14
2024-11-03-ATL-NOP,2024-11-03,ATL,NOP,1.5,-1.5,-1.8308180198400321,6.921299642527919,0.4809389756929864,0.5190610243070136,0.39568985948250135,0.6043101405174987,111,126,-15
2024-11-03-ORL-DAL,2024-11-03,ORL,DAL,-7.0,7.0,6.9662021818007025,7.18369344719133,0.4981230645458887,0.5018769354541113,0.8339080355412689,0.1660919644587311,108,85,23
2024-11-04-MIL-CLE,2024-11-04,MIL,CLE,-8.0,8.0,7.405985678085915,7.505164041028339,0.46845768561585577,0.5315423143841442,0.838126052875568,0.16187394712443204,116,114,2
2024-11-04-GSW-WAS,2024-11-04,GSW,WAS,11.0,-11.0,-10.53561174322952,7.134265062609511,0.5259498858860455,0.4740501141139545,0.06986971924714946,0.9301302807528505,112,125,-13
2024-11-04-LAL-DET,2024-11-04,LAL,DET,6.5,-6.5,-7.545553948346967,6.666893238416243,0.4376902961978254,0.5623097038021746,0.1288603935125584,0.8711396064874416,115,103,12
2024-11-04-BOS-ATL,2024-11-04,BOS,ATL,10.0,-10.0,-10.039995009080862,7.2169095276541295,0.49778913420009807,0.5022108657999019,0.0820859542581065,0.9179140457418935,93,123,-30
2024-11-04-MEM-BKN,2024-11-04,MEM,BKN,4.0,-4.0,-4.536601362214193,7.034373381925785,0.46959707376784365,0.5304029262321563,0.25948982461847225,0.7405101753815277,106,104,2
2024-11-04-SAC-MIA,2024-11-04,SAC,MIA,-1.5,1.5,1.4166949381335847,7.146944015866574,0.495350018308951,0.504649981691049,0.5785650457750979,0.42143495422490207,110,111,-1
2024-11-04-UTA-CHI,2024-11-04,UTA,CHI,-7.5,7.5,7.571401063649744,6.8341934052521935,0.5041679219878401,0.4958320780121599,0.8660411198950423,0.1339588801049577,126,135,-9
2024-11-04-NYK-HOU,2024-11-04,NYK,HOU,2.0,-2.0,-1.3506926688986534,7.087215349737116,0.5364987114359985,0.4635012885640015,0.424426713022902,0.575573286977098,109,97,12
2024-11-04-CHA-MIN,2024-11-04,CHA,MIN,-11.5,11.5,11.82053084068844,7.052651282203488,0.5181249989094211,0.4818750010905789,0.953134893066587,0.04686510693341295,114,93,21
2024-11-04-ORL-OKC,2024-11-04,ORL,OKC,-12.5,12.5,12.880401135137221,7.9173570170540595,0.5191604001413176,0.4808395998586824,0.9481161759623576,0.051883824037642357,102,86,16
2024-11-04-POR-NOP,2024-11-04,POR,NOP,-1.5,1.5,0.6151165657250113,6.623657409309153,0.4468616624790793,0.5531383375209207,0.53699523116046,0.46300476883954,100,118,-18
2024-11-04-IND-DAL,2024-11-04,IND,DAL,-4.5,4.5,4.048515756544089,7.300408595575179,0.4753436531926585,0.5246563468073415,0.7104022270102865,0.28959777298971345,127,134,-7
2024-11-04-TOR-DEN,2024-11-04,TOR,DEN,-11.0,11.0,11.13337667302201,7.203464209174727,0.5073862453403812,0.49261375465961876,0.9388944072197699,0.06110559278023009,121,119,2
2024-11-04-PHI-PHX,2024-11-04,PHI,PHX,-7.5,7.5,6.716280458429833,6.8155462124872885,0.454226530981087,0.545773469018913,0.8377948740430405,0.16220512595695946,118,116,2
2024-11-04-SAS-LAC,2024-11-04,SAS,LAC,-4.0,4.0,3.6890137217138323,6.918587154747254,0.4820738241904402,0.5179261758095598,0.7030535822726082,0.29694641772739183,113,104,9
2024-11-06-DET-CHA,2024-11-06,DET,CHA,1.0,-1.0,-1.1672423093768614,6.541478607200731,0.48980157782509637,0.5101984221749036,0.4291898673901611,0.5708101326098389,108,107,1
2024-11-06-ORL-IND,2024-11-06,ORL,IND,-5.5,5.5,4.037922902482323,6.912190674979965,0.41624016967810273,0.5837598303218973,0.7204484141426748,0.2795515858573252,118,111,7
2024-11-06-NYK-ATL,2024-11-06,NYK,ATL,7.0,-7.0,-6.774429245761965,6.5734180333731915,0.5136872556055101,0.4863127443944899,0.1513690490353461,0.8486309509646539,121,116,5
2024-11-06-GSW-BOS,2024-11-06,GSW,BOS,-7.0,7.0,7.5057036220383555,7.814733078396179,0.5257981734444865,0.47420182655551346,0.8315869997042723,0.1684130002957277,112,118,-6
2024-11-06-SAS-HOU,2024-11-06,SAS,HOU,-6.5,6.5,6.432187991250961,7.081071355612171,0.4961795803839413,0.5038204196160587,0.8181569442491278,0.18184305575087223,127,100,27
2024-11-06-LAL-MEM,2024-11-06,LAL,MEM,-4.0,4.0,3.503748897474622,7.09587284721942,0.4721226284110073,0.5278773715889927,0.6892666723170277,0.31073332768297235,131,114,17
2024-11-06-CLE-NOP,2024-11-06,CLE,NOP,6.5,-6.5,-6.3803986999958315,6.934717705768536,0.506880114240958,0.493119885759042,0.178769108141146,0.821230891858854,122,131,-9
2024-11-06-CHI-DAL,2024-11-06,CHI,DAL,-10.0,10.0,9.92550196539998,7.536317918027426,0.4960564386871331,0.5039435613128669,0.9060844964420738,0.09391550355792622,119,99,20
2024-11-06-OKC-DEN,2024-11-06,OKC,DEN,7.0,-7.0,-7.311072607258167,7.241383975118799,0.4828676592539005,0.5171323407460995,0.15633781432419513,0.8436621856758049,124,122,2
2024-11-06-MIA-PHX,2024-11-06,MIA,PHX,-5.0,5.0,4.4210644616240025,6.968875734109333,0.46689616965543757,0.5331038303445624,0.737090549083465,0.26290945091653495,115,112,3
2024-11-06-PHI-LAC,2024-11-06,PHI,LAC,-1.5,1.5,1.1549721903169745,6.696639675393622,0.47945457520267776,0.5205454247973222,0.5684661389128495,0.4315338610871505,110,98,12
2024-11-06-TOR-SAC,2024-11-06,TOR,SAC,-11.5,11.5,11.650710627232629,7.332034947965069,0.5081997164629084,0.4918002835370916,0.9439714524520431,0.05602854754795694,122,107,15
2024-11-07-MIN-CHI,2024-11-07,MIN,CHI,9.5,-9.5,-9.820481842109762,7.134158734712783,0.48208467554637646,0.5179153244536235,0.0843266711938373,0.9156733288061627,119,135,-16
2024-11-07-UTA-MIL,2024-11-07,UTA,MIL,-10.0,10.0,9.325611121161272,6.84662778464977,0.4607678654877093,0.5392321345122907,0.9134126743893021,0.08658732561069793,123,100,23
2024-11-07-POR-SAS,2024-11-07,POR,SAS,-4.0,4.0,3.103507202469711,6.854437926746463,0.44797066725201273,0.5520293327479873,0.6746440421839032,0.32535595781609683,118,105,13
2024-11-08-IND-CHA,2024-11-08,IND,CHA,7.0,-7.0,-6.89097008833835,6.517199802721765,0.5066738191295223,0.49332618087047775,0.14517563019963764,0.8548243698003624,103,83,20
2024-11-08-ATL-DET,2024-11-08,ATL,DET,-2.5,2.5,2.376594361182174,6.911641316565677,0.4928773631250103,0.5071226368749897,0.6345218936222533,0.3654781063777467,122,121,1
2024-11-08-NOP-ORL,2024-11-08,NOP,ORL,-8.5,8.5,8.812834615781664,6.8103003823429225,0.5183191741004745,0.48168082589952554,0.9021750474455751,0.09782495255442492,115,88,27
2024-11-08-BKN-BOS,2024-11-08,BKN,BOS,-13.5,13.5,13.365600476419841,7.558445194309117,0.4929066328151799,0.5070933671848201,0.9614946383707126,0.038505361629287416,108,104,4
2024-11-08-GSW-CLE,2024-11-08,GSW,CLE,-3.5,3.5,3.4876515789588667,7.798784385247606,0.4993683239659271,0.5006316760340729,0.6726362986782352,0.32736370132176484,136,117,19
2024-11-08-MIL-NYK,2024-11-08,MIL,NYK,-6.5,6.5,5.7110980714958295,6.923382461204851,0.45463971673302694,0.5453602832669731,0.7952858118750805,0.20471418812491948,116,94,22
2024-11-08-PHX-DAL,2024-11-08,PHX,DAL,-2.5,2.5,2.3604564534737085,7.456608454259814,0.49253459910601816,0.5074654008939818,0.6242108717654353,0.3757891282345647,113,114,-1
2024-11-08-WAS-MEM,2024-11-08,WAS,MEM,-7.5,7.5,7.109142172312431,7.3626179193744425,0.47883137420087096,0.521168625799129,0.8328709557977524,0.1671290442022476,128,104,24
2024-11-08-HOU-OKC,2024-11-08,HOU,OKC,-7.5,7.5,8.467843652788105,7.8736452535521515,0.5489155392541005,0.4510844607458995,0.8589170940104343,0.14108290598956574,126,107,19
2024-11-08-POR-MIN,2024-11-08,POR,MIN,-11.5,11.5,10.664112551514997,6.869212360800833,0.45157382333157847,0.5484261766684215,0.9397227727069756,0.06027722729302443,127,102,25
2024-11-08-MIA-DEN,2024-11-08,MIA,DEN,-3.0,3.0,2.649785924221924,6.998803392164959,0.48004560061892054,0.5199543993810795,0.6475096061027871,0.35249039389721293,135,122,13
2024-11-08-PHI-LAL,2024-11-08,PHI,LAL,-7.5,7.5,6.6109103856350835,6.831087733520958,0.44822251260786805,0.551777487392132,0.8334199587335911,0.1665800412664089,116,106,10
2024-11-08-LAC-SAC,2024-11-08,LAC,SAC,-6.5,6.5,6.240724452887856,7.254623808215195,0.485745096485683,0.514254903514317,0.8051718811806042,0.19482811881939577,98,107,-9
2024-11-09-UTA-SAS,2024-11-09,UTA,SAS,-6.5,6.5,5.961912959380068,6.750949907072781,0.46823578946361877,0.5317642105363812,0.8114148436291508,0.18858515637084916,110,111,-1
2024-11-09-CHI-ATL,2024-11-09,CHI,ATL,-2.5,2.5,1.9071101451697026,7.140747815781153,0.46691420105713544,0.5330857989428646,0.605294018367526,0.39470598163247395,113,125,-12
2024-11-09-BKN-CLE,2024-11-09,BKN,CLE,-13.0,13.0,12.16523787017023,7.5753264203184445,0.4561274142896311,0.5438725857103689,0.9458523653151814,0.054147634684818646,105,100,5
2024-11-09-TOR-LAC,2024-11-09,TOR,LAC,-6.0,6.0,5.702381459075422,7.124552874763046,0.48333957254773996,0.51666042745226,0.7882559612837998,0.21174403871620018,105,103,2
2024-11-10-HOU-DET,2024-11-10,HOU,DET,4.0,-4.0,-3.9131509528832353,6.698366996640822,0.5051724227979494,0.4948275772020506,0.27954464062388507,0.7204553593761149,99,101,-2
2024-11-10-BOS-MIL,2024-11-10,BOS,MIL,5.0,-5.0,-4.861766988497604,7.1823748188120335,0.5076776261166095,0.4923223738833905,0.24923393021177243,0.7507660697882276,107,113,-6
2024-11-10-NYK-IND,2024-11-10,NYK,IND,3.0,-3.0,-3.0923358070166307,6.778253285668987,0.49456563267780074,0.5054343673221993,0.32411795602475124,0.6758820439752488,132,121,11
2024-11-10-WAS-ORL,2024-11-10,WAS,ORL,-11.5,11.5,11.665093914892518,7.16321587696963,0.5091937913890521,0.4908062086109479,0.9482875411623108,0.05171245883768916,121,94,27
2024-11-10-CHA-PHI,2024-11-10,CHA,PHI,-5.0,5.0,5.2845268987546525,6.799060625650338,0.5166900538244752,0.4833099461755248,0.7814924918608164,0.21850750813918363,107,105,2
2024-11-10-MIA-MIN,2024-11-10,MIA,MIN,-7.5,7.5,7.202599445614,6.974380908403408,0.48299351432007265,0.5170064856799274,0.849133087990303,0.15086691200969704,94,95,-1
2024-11-10-GSW-OKC,2024-11-10,GSW,OKC,-6.5,6.5,7.60024933623219,8.210822012908382,0.5532986736100178,0.44670132638998217,0.8226829457102729,0.1773170542897271,116,127,-11
2024-11-10-DAL-DEN,2024-11-10,DAL,DEN,-2.0,2.0,1.90555220382674,7.103628522815773,0.4946959347659119,0.5053040652340881,0.6057467635416424,0.39425323645835764,122,120,2
2024-11-10-SAC-PHX,2024-11-10,SAC,PHX,1.0,-1.0,-1.4598311228735197,6.943126388745872,0.4735980522240746,0.5264019477759254,0.4167340979728563,0.5832659020271437,118,127,-9
2024-11-10-MEM-POR,2024-11-10,MEM,POR,1.0,-1.0,-0.7834647719914273,7.093922666249236,0.5121754421603312,0.4878245578396688,0.45602954775942106,0.5439704522405789,89,134,-45
2024-11-10-TOR-LAL,2024-11-10,TOR,LAL,-10.0,10.0,9.99197855993916,6.977179082347214,0.4995413488965583,0.5004586511034417,0.9239415856395,0.07605841436049998,123,103,20
2024-11-11-CLE-CHI,2024-11-11,CLE,CHI,8.5,-8.5,-7.956914599275085,7.106315275696749,0.53045868436482,0.46954131563518,0.13142161079258263,0.8685783892074174,113,119,-6
2024-11-11-WAS-HOU,2024-11-11,WAS,HOU,-12.0,12.0,11.676454597930707,7.197347088926378,0.4820722164577691,0.5179277835422309,0.9476333855195858,0.05236661448041424,107,92,15
2024-11-11-BKN-NOP,2024-11-11,BKN,NOP,1.5,-1.5,-1.4348799381219939,6.58016868583125,0.5039480328195599,0.4960519671804401,0.41369068678917753,0.5863093132108225,105,107,-2
2024-11-11-LAC-OKC,2024-11-11,LAC,OKC,-6.5,6.5,6.343937255791896,7.764904329873268,0.49198240789248693,0.5080175921075131,0.7930361693540541,0.20696383064594592,134,128,6
2024-11-11-SAC-SAS,2024-11-11,SAC,SAS,2.5,-2.5,-2.4939056450768353,6.736292422893814,0.5003609248777109,0.4996390751222891,0.355609538731978,0.644390461268022,116,96,20
2024-11-13-IND-ORL,2024-11-13,IND,ORL,-1.0,1.0,0.7536838503989538,7.166588328814783,0.48629102462856244,0.5137089753714376,0.5418780895197863,0.45812191048021367,94,90,4
2024-11-13-BOS-BKN,2024-11-13,BOS,BKN,10.0,-10.0,-9.608474798100128,6.884478963284001,0.5226759064408446,0.4773240935591554,0.08140663888158417,0.9185933611184158,114,139,-25
2024-11-13-CHI-NYK,2024-11-13,CHI,NYK,-8.5,8.5,7.564227260934908,7.3947852157540535,0.4496502842937532,0.5503497157062468,0.8468256792832747,0.15317432071672532,123,124,-1
2024-11-13-CLE-PHI,2024-11-13,CLE,PHI,11.0,-11.0,-10.866562650191723,6.887936298017899,0.5077280724949567,0.49227192750504334,0.05732619065090949,0.9426738093490905,106,114,-8
2024-11-13-NOP-OKC,2024-11-13,NOP,OKC,-14.5,14.5,14.783382932425367,7.306524703316289,0.5154690636747417,0.48453093632525834,0.978479531714444,0.021520468285555983,106,88,18
2024-11-13-LAC-HOU,2024-11-13,LAC,HOU,-5.0,5.0,5.259852417296206,7.311205046285802,0.514176089174768,0.485823910825232,0.7640599762368874,0.23594002376311263,111,103,8
2024-11-13-DET-MIL,2024-11-13,DET,MIL,-7.0,7.0,6.337370631567,6.9762127666808205,0.46216372368351866,0.5378362763164813,0.8181733110409637,0.1818266889590363,127,120,7
2024-11-13-WAS-SAS,2024-11-13,WAS,SAS,-9.5,9.5,9.168514830817672,6.894650892520165,0.4808268002104973,0.5191731997895027,0.9082081049931379,0.09179189500686213,139,130,9
2024-11-13-MEM-LAL,2024-11-13,MEM,LAL,-7.5,7.5,7.36927049128009,7.551891189697368,0.4930943226844342,0.5069056773155658,0.8354226400245739,0.1645773599754261,128,123,5
2024-11-13-MIN-POR,2024-11-13,MIN,POR,10.0,-10.0,-9.845837343225721,6.950218662988159,0.5088482049384073,0.4911517950615927,0.07829663793139996,0.9217033620686,106,98,8
2024-11-13-PHX-SAC,2024-11-13,PHX,SAC,-8.0,8.0,7.988408075319374,7.313604087729888,0.49936768426693556,0.5006323157330644,0.8626421099975484,0.13735789000245158,127,104,23
2024-11-14-DAL-UTA,2024-11-14,DAL,UTA,7.5,-7.5,-7.326309213716859,6.4533093086608435,0.5107362331228233,0.48926376687717665,0.12812913226750833,0.8718708677324917,115,113,2
2024-11-16-MIL-CHA,2024-11-16,MIL,CHA,4.0,-4.0,-3.857980409818403,6.547283313015693,0.5086529288137746,0.49134707118622545,0.2778471120547724,0.7221528879452276,115,114,1
2024-11-16-TOR-BOS,2024-11-16,TOR,BOS,-16.5,16.5,17.477584723936527,6.935515360527575,0.5560466363591685,0.4439533636408315,0.9941324650267807,0.005867534973219346,126,123,3
2024-11-16-LAL-NOP,2024-11-16,LAL,NOP,8.0,-8.0,-8.550985919739745,6.451650857722973,0.4659707763358363,0.5340292236641637,0.09252008388682054,0.9074799161131795,99,104,-5
2024-11-16-SAS-DAL,2024-11-16,SAS,DAL,-13.5,13.5,13.42528153924319,7.358005804390202,0.49594892398495316,0.5040510760150468,0.9659678991567583,0.03403210084324171,110,93,17
2024-11-16-UTA-SAC,2024-11-16,UTA,SAC,-6.5,6.5,5.4648025431171625,7.143863645689621,0.4423920609506724,0.5576079390493276,0.777853677174395,0.22214632282560498,121,117,4
2024-11-17-PHX-MIN,2024-11-17,PHX,MIN,-7.5,7.5,7.186812477791637,7.000835002753171,0.4821589735993933,0.5178410264006067,0.847687338941409,0.15231266105859098,120,117,3
2024-11-17-MIA-IND,2024-11-17,MIA,IND,-3.5,3.5,2.9330799807562706,6.997281601108412,0.46771300854769904,0.532286991452301,0.6624555902687896,0.33754440973121036,119,110,9
2024-11-17-CHA-CLE,2024-11-17,CHA,CLE,-10.0,10.0,9.924205095845466,7.351326863627328,0.49588683012686696,0.504113169873133,0.9114901285824026,0.08850987141759736,128,114,14
2024-11-17-DET-WAS,2024-11-17,DET,WAS,5.0,-5.0,-5.263947863840339,6.678362328777088,0.4842367709492398,0.5157632290507602,0.21528712023151098,0.784712879768489,104,124,-20
2024-11-17-DEN-MEM,2024-11-17,DEN,MEM,-6.0,6.0,6.293642055978865,7.52782159004457,0.5155578248909727,0.4844421751090273,0.7984368670952213,0.20156313290477867,105,90,15
2024-11-17-ATL-POR,2024-11-17,ATL,POR,4.0,-4.0,-2.95536829907128,6.816194930860252,0.5609023177907577,0.4390976822092423,0.3322965971474532,0.6677034028525468,114,110,4
2024-11-17-BKN-NYK,2024-11-17,BKN,NYK,-10.0,10.0,9.484032504958067,7.189341849214061,0.47139311423049624,0.5286068857695038,0.9064454477437945,0.09355455225620546,114,104,10
2024-11-17-HOU-CHI,2024-11-17,HOU,CHI,5.0,-5.0,-5.2487485643509215,6.717100460738262,0.48522969203943045,0.5147703079605696,0.21728336139612459,0.7827166386038754,107,143,-36
2024-11-17-DAL-OKC,2024-11-17,DAL,OKC,-7.5,7.5,8.184392309821924,7.526332266466622,0.536227103533968,0.46377289646603204,0.8615775534883778,0.13842244651162217,119,121,-2
2024-11-17-UTA-LAC,2024-11-17,UTA,LAC,-9.5,9.5,9.31003083782534,6.84506354903939,0.48892968594349806,0.5110703140565019,0.9131022439684416,0.08689775603155836,116,105,11
2024-11-18-CHI-DET,2024-11-18,CHI,DET,-4.0,4.0,3.983824071929287,7.247311410085615,0.499109565477614,0.500890434522386,0.7087363325419453,0.29126366745805465,112,122,-10
2024-11-18-PHI-MIA,2024-11-18,PHI,MIA,-2.5,2.5,1.2345562773253365,6.83467764686753,0.42655551147724324,0.5734444885227568,0.5716714821739315,0.4283285178260685,106,89,17
2024-11-18-WAS-NYK,2024-11-18,WAS,NYK,-14.5,14.5,13.479416554594534,7.194333481694785,0.4435955531850807,0.5564044468149193,0.9695082975009409,0.03049170249905908,134,106,28
2024-11-18-IND-TOR,2024-11-18,IND,TOR,3.0,-3.0,-2.9729814204797673,6.625797417052408,0.5016267964708592,0.49837320352914083,0.32682479804295606,0.673175201957044,130,119,11
2024-11-18-HOU-MIL,2024-11-18,HOU,MIL,-3.5,3.5,3.4995219481258033,6.982784960790443,0.499972687816428,0.500027312183572,0.6918722218806904,0.3081277781193096,101,100,1
2024-11-18-ORL-PHX,2024-11-18,ORL,PHX,4.5,-4.5,-5.9612110989020195,6.833624753218904,0.4153411203285723,0.5846588796714277,0.19151278266523386,0.8084872173347661,99,109,-10
2024-11-18-ATL-SAC,2024-11-18,ATL,SAC,-4.0,4.0,4.246700283243162,7.06010610305454,0.5139373470381312,0.4860626529618688,0.7262486850650897,0.27375131493491034,108,109,-1
2024-11-18-GSW-LAC,2024-11-18,GSW,LAC,5.0,-5.0,-5.406706428859697,7.127035934032924,0.47724658980286383,0.5227534101971362,0.22404018647026192,0.7759598135297381,102,99,3
2024-11-20-NOP-CLE,2024-11-20,NOP,CLE,-14.0,14.0,13.059416422849981,6.939453192050938,0.44609189545787964,0.5539081045421204,0.9700757845741245,0.029924215425875533,128,100,28
2024-11-20-CHI-MIL,2024-11-20,CHI,MIL,-9.0,9.0,9.223937281968908,7.31560153233799,0.5122100827190019,0.4877899172809981,0.8963200568709042,0.10367994312909579,122,106,16
2024-11-20-IND-HOU,2024-11-20,IND,HOU,-6.0,6.0,6.594835057145707,7.52020130707146,0.5315227778278039,0.4684772221721961,0.8097429038504433,0.19025709614955666,130,113,17
2024-11-20-PHI-MEM,2024-11-20,PHI,MEM,5.0,-5.0,-5.404676393789098,7.124024551493126,0.477350479095346,0.522649520904654,0.22402950022142887,0.7759704997785711,117,111,6
2024-11-20-POR-OKC,2024-11-20,POR,OKC,-13.0,13.0,12.487782332861006,7.5356162669180184,0.4729036047794236,0.5270963952205764,0.951257245503335,0.048742754496664986,109,99,10
2024-11-20-NYK-PHX,2024-11-20,NYK,PHX,4.5,-4.5,-4.035186323786779,6.783114973173516,0.5273161825417689,0.47268381745823107,0.27595953303608867,0.7240404669639113,122,138,-16
2024-11-20-ATL-GSW,2024-11-20,ATL,GSW,-7.0,7.0,7.467786909413486,7.371938822017875,0.5252979328097784,0.47470206719022157,0.8444703368902626,0.15552966310973737,120,97,23
2024-11-20-ORL-LAC,2024-11-20,ORL,LAC,3.5,-3.5,-4.029646707779709,6.822856959579528,0.4690618696923772,0.5309381303076228,0.277390922816225,0.722609077183775,104,93,11
2024-11-21-DET-CHA,2024-11-21,DET,CHA,2.5,-2.5,-2.6709581973434333,6.755019819526323,0.48990451917450606,0.5100954808254939,0.346272578618224,0.653727421381776,123,121,2
2024-11-21-MIN-TOR,2024-11-21,MIN,TOR,7.0,-7.0,-6.600211715189737,6.95103630203483,0.5229324886408968,0.4770675113591032,0.1711757722458649,0.8288242277541351,110,105,5
2024-11-21-UTA-SAS,2024-11-21,UTA,SAS,-3.0,3.0,2.957799039322701,6.837777249431142,0.497537848924536,0.502462151075464,0.6673354355298646,0.33266456447013537,126,118,8
2024-11-21-ORL-LAL,2024-11-21,ORL,LAL,-5.0,5.0,3.8713457553944455,6.91425045209023,0.4351663306974408,0.5648336693025592,0.7122289837087035,0.28777101629129653,118,119,-1
2024-11-23-NYK-UTA,2024-11-23,NYK,UTA,8.5,-8.5,-8.492451781545663,6.702369235890162,0.5004492893095865,0.49955071069041346,0.10256297576325113,0.8974370242367489,121,106,15
2024-11-23-DET-ORL,2024-11-23,DET,ORL,-9.0,9.0,9.283414836146571,7.275256354728753,0.51553726279938,0.48446273720062005,0.8990268011221503,0.10097319887784972,111,100,11
2024-11-23-MEM-CHI,2024-11-23,MEM,CHI,4.0,-4.0,-4.837107321482305,7.270407174450926,0.45416747887430586,0.5458325211256941,0.2529246787804673,0.7470753212195327,131,142,-11
2024-11-23-POR-HOU,2024-11-23,POR,HOU,-12.0,12.0,12.161817742722375,7.689526995359501,0.5083946873351235,0.4916053126648765,0.9431304616149299,0.05686953838507014,98,104,-6
2024-11-23-CHA-MIL,2024-11-23,CHA,MIL,-8.0,8.0,7.343200957063922,7.2635811143313145,0.4639753077455824,0.5360246922544176,0.843982574762607,0.15601742523739304,125,119,6
2024-11-23-GSW-SAS,2024-11-23,GSW,SAS,3.5,-3.5,-3.2753492033513907,6.946727937363407,0.5128991782734483,0.48710082172655167,0.3186435565971387,0.6813564434028613,104,94,10
2024-11-23-DEN-LAL,2024-11-23,DEN,LAL,-4.0,4.0,3.826999308578971,7.07143679749516,0.4902409640064105,0.5097590359935895,0.7058120960066963,0.29418790399330375,102,127,-25
2024-11-24-MIN-BOS,2024-11-24,MIN,BOS,-8.0,8.0,7.899467421864313,7.430414523810962,0.4946025255734382,0.5053974744265618,0.856137609272079,0.14386239072792095,107,105,2
2024-11-24-WAS-IND,2024-11-24,WAS,IND,-12.0,12.0,11.05628535573822,6.864612837542416,0.44532756129220163,0.5546724387077984,0.9463687557723457,0.05363124422765431,115,103,12
2024-11-24-DAL-MIA,2024-11-24,DAL,MIA,-2.5,2.5,3.2449052661405378,7.069242746120776,0.5419599651415533,0.4580400348584467,0.6768891564137501,0.32311084358624986,123,118,5
2024-11-24-LAC-PHI,2024-11-24,LAC,PHI,1.5,-1.5,-1.8170642959762708,6.709105687872967,0.481153481385479,0.518846518614521,0.3932587600962134,0.6067412399037866,99,125,-26
2024-11-24-TOR-CLE,2024-11-24,TOR,CLE,-11.5,11.5,10.988811631438677,7.193934127844064,0.4716756979700355,0.5283243020299645,0.936682970478655,0.06331702952134499,122,108,14
2024-11-24-BKN-SAC,2024-11-24,BKN,SAC,-10.5,10.5,9.904990240162915,6.97082270231208,0.46598871761556404,0.534011282384436,0.9223301754962889,0.07766982450371107,103,108,-5
2024-11-25-ORL-CHA,2024-11-25,ORL,CHA,4.5,-4.5,-4.509979334895346,6.784263738983979,0.49941317476184177,0.5005868252381582,0.25309860268184026,0.7469013973181597,84,95,-11
2024-11-25-TOR-DET,2024-11-25,TOR,DET,-4.0,4.0,3.9620268280904214,6.63331838241734,0.4977162228344244,0.5022837771655756,0.7248437185141854,0.2751562814858146,102,100,2
2024-11-25-NOP-IND,2024-11-25,NOP,IND,-8.0,8.0,6.638589684444482,6.754867594489218,0.4201361927183266,0.5798638072816734,0.8371436270664515,0.1628563729335485,114,110,4
2024-11-25-DAL-ATL,2024-11-25,DAL,ATL,-2.5,2.5,3.5844751556389,7.0196450723245505,0.5613888744576663,0.4386111255423337,0.6951966032726486,0.30480339672735135,119,129,-10
2024-11-25-LAC-BOS,2024-11-25,LAC,BOS,-10.5,10.5,9.80373046090269,7.217261291264843,0.4615725304281385,0.5384274695718615,0.9128272684346259,0.08717273156537408,126,94,32
2024-11-25-POR-MEM,2024-11-25,POR,MEM,-10.5,10.5,10.502356369337424,7.4102270303830675,0.5001268591822143,0.49987314081778567,0.9217992588483199,0.07820074115168008,123,98,25
2024-11-25-NYK-DEN,2024-11-25,NYK,DEN,-2.5,2.5,3.0640968613958295,7.471408416181951,0.5300918454552381,0.46990815454476187,0.6591372513186977,0.3408627486813023,118,145,-27
2024-11-25-BKN-GSW,2024-11-25,BKN,GSW,-13.5,13.5,13.905278576467566,7.235972126514269,0.522332626976456,0.477667373023544,0.97267746657323,0.027322533426770046,120,128,-8
2024-11-25-OKC-SAC,2024-11-25,OKC,SAC,3.5,-3.5,-4.4135663358951405,7.0927208352022815,0.44875662000170446,0.5512433799982955,0.2668831480787762,0.7331168519212238,109,130,-21
2024-11-27-MIA-CHA,2024-11-27,MIA,CHA,4.5,-4.5,-4.134463736265226,6.534692407063116,0.5223043178014651,0.47769568219853487,0.26346659154436824,0.7365334084556318,94,98,-4
2024-11-27-ATL-CLE,2024-11-27,ATL,CLE,-9.0,9.0,9.345040911440092,7.321617521409591,0.5187937259986757,0.4812062740013243,0.8990863662237756,0.10091363377622442,124,135,-11
2024-11-27-POR-IND,2024-11-27,POR,IND,-9.5,9.5,8.907345457043448,6.932380084933056,0.4659356147308398,0.5340643852691602,0.9005846272125773,0.09941537278742274,121,114,7
2024-11-27-CHI-ORL,2024-11-27,CHI,ORL,-9.5,9.5,10.762937402532039,7.606458995809028,0.5659352441901644,0.4340647558098356,0.921461857283423,0.078538142716577,133,119,14
2024-11-27-HOU-PHI,2024-11-27,HOU,PHI,5.0,-5.0,-4.546768230027734,6.524287656361955,0.5276916041583934,0.47230839584160655,0.24293306481675558,0.7570669351832444,115,122,-7
2024-11-27-LAC-WAS,2024-11-27,LAC,WAS,9.0,-9.0,-10.017516524555772,6.496671762803711,0.43777169695990004,0.5622283030401,0.06154336780792913,0.9384566321920709,96,121,-25
2024-11-27-NYK-DAL,2024-11-27,NYK,DAL,4.0,-4.0,-3.4951815233531023,7.30667226220645,0.5275410362666508,0.47245896373334917,0.3161988603556739,0.6838011396443261,129,114,15
2024-11-27-DET-MEM,2024-11-27,DET,MEM,-8.0,8.0,8.176915077232666,7.545709271386293,0.509352658058075,0.49064734194192505,0.860740206041169,0.13925979395883104,131,111,20
2024-11-27-SAC-MIN,2024-11-27,SAC,MIN,-3.0,3.0,2.2405958864241025,6.879273544159262,0.45604997794284285,0.5439500220571571,0.6276752349410271,0.37232476505897294,104,115,-11
2024-11-27-TOR-NOP,2024-11-27,TOR,NOP,-1.0,1.0,0.47510113475004156,6.26769335620133,0.46662889855919987,0.5333711014408001,0.5302115252423792,0.46978847475762076,93,119,-26
2024-11-27-LAL-SAS,2024-11-27,LAL,SAS,2.0,-2.0,-2.0582673713343267,6.975752358897078,0.49666773610992987,0.5033322638900701,0.3839739197687291,0.6160260802312709,101,119,-18
2024-11-27-BKN-PHX,2024-11-27,BKN,PHX,-9.5,9.5,8.622630203677394,6.93980636678961,0.4496974845002435,0.5503025154997565,0.8929718255097971,0.10702817449020285,117,127,-10
2024-11-27-DEN-UTA,2024-11-27,DEN,UTA,11.0,-11.0,-11.706778611767641,6.588601262508374,0.45728622667101804,0.542713773328982,0.03779867882488397,0.962201321175116,103,122,-19
2024-11-27-OKC-GSW,2024-11-27,OKC,GSW,4.0,-4.0,-3.439805715837691,7.102831576899117,0.5314316489681954,0.4685683510318046,0.31409126418250066,0.6859087358174993,101,105,-4
2024-11-30-ATL-CHA,2024-11-30,ATL,CHA,5.5,-5.5,-5.0673613099464765,6.674033314168554,0.5258430026657692,0.4741569973342308,0.22384696201892118,0.7761530379810788,104,107,-3
2024-11-30-PHI-DET,2024-11-30,PHI,DET,2.0,-2.0,-3.2718116199960128,6.678132313183164,0.4244805292278283,0.5755194707721717,0.3120920210506084,0.6879079789493916,96,111,-15
2024-11-30-WAS-MIL,2024-11-30,WAS,MIL,-14.5,14.5,14.095411016240094,6.950763568280309,0.476791535077262,0.523208464922738,0.9787144608945286,0.021285539105471374,124,114,10
2024-11-30-GSW-PHX,2024-11-30,GSW,PHX,-1.0,1.0,1.148041925200519,6.846615854746122,0.5086255140725005,0.49137448592749955,0.5665825636687978,0.4334174363312022,113,105,8
2024-11-30-DAL-UTA,2024-11-30,DAL,UTA,6.5,-6.5,-6.186809416930686,6.729869493470545,0.5185590345681725,0.48144096543182746,0.17896776971342232,0.8210322302865777,94,106,-12
2024-12-01-ORL-BKN,2024-12-01,ORL,BKN,6.5,-6.5,-7.373135102994012,6.541320165204967,0.44690690910623176,0.5530930908937682,0.12983675179486953,0.8701632482051305,92,100,-8
2024-12-01-IND-MEM,2024-12-01,IND,MEM,-6.0,6.0,6.505185439165678,7.44348176324022,0.5270552437553859,0.4729447562446141,0.808925595565403,0.191074404434597,136,121,15
2024-12-01-BOS-CLE,2024-12-01,BOS,CLE,-2.0,2.0,2.041571989567463,7.54727186700356,0.5021974483954474,0.49780255160455256,0.6066139725744232,0.3933860274255768,115,111,4
2024-12-01-NOP-NYK,2024-12-01,NOP,NYK,-12.5,12.5,11.47800110553574,6.824870438350811,0.44048240059555843,0.5595175994044416,0.953695247727928,0.04630475227207198,118,85,33
2024-12-01-MIA-TOR,2024-12-01,MIA,TOR,5.0,-5.0,-5.132409469758128,6.803111440588684,0.49223584657919506,0.5077641534208049,0.22529826225267857,0.7747017377473214,119,116,3
2024-12-01-OKC-HOU,2024-12-01,OKC,HOU,1.5,-1.5,-0.06462246205211786,7.569292164661229,0.5752011170395688,0.4247988829604312,0.4965940911467812,0.5034059088532188,119,116,3
2024-12-01-LAL-UTA,2024-12-01,LAL,UTA,5.5,-5.5,-6.359399381466976,6.573516954744169,0.44799183159447875,0.5520081684055212,0.16666524840145358,0.8333347515985464,104,105,-1
2024-12-01-DAL-POR,2024-12-01,DAL,POR,5.5,-5.5,-4.497605342080069,6.82724104620888,0.5583640566935095,0.4416359433064905,0.255020619810844,0.744979380189156,131,137,-6
2024-12-01-SAS-SAC,2024-12-01,SAS,SAC,-6.5,6.5,5.810156261839782,7.154824668237898,0.46159486153763585,0.5384051384623642,0.7916217726025926,0.2083782273974074,125,127,-2
2024-12-01-DEN-LAC,2024-12-01,DEN,LAC,3.0,-3.0,-2.6468291275587763,7.273078360786061,0.5193644885301693,0.48063551146983075,0.35795833819052314,0.6420416618094769,126,122,4
2024-12-02-NOP-ATL,2024-12-02,NOP,ATL,-9.0,9.0,8.898077608822557,6.69800788022836,0.4939296007486086,0.5060703992513914,0.9079879418989887,0.09201205810101132,124,112,12
2024-12-02-MIA-BOS,2024-12-02,MIA,BOS,-9.5,9.5,8.655905274919206,7.2148800429376,0.45343256611029625,0.5465674338897037,0.8848778167679918,0.11512218323200818,108,89,19
2024-12-02-BKN-CHI,2024-12-02,BKN,CHI,-7.5,7.5,7.340738008647231,6.809200235982924,0.4906698955395947,0.5093301044604053,0.8594968897458124,0.1405031102541876,128,102,26
2024-12-02-LAL-MIN,2024-12-02,LAL,MIN,-7.5,7.5,8.038272404663907,6.632564985451774,0.5323410521673179,0.46765894783268214,0.8872323715681623,0.11276762843183774,109,80,29
2024-12-04-DET-BOS,2024-12-04,DET,BOS,-12.5,12.5,12.504948216172952,7.143164511885774,0.5002763554560158,0.4997236445439842,0.9599940835590695,0.040005916440930545,130,120,10
2024-12-04-IND-BKN,2024-12-04,IND,BKN,3.0,-3.0,-2.9145124221310112,6.490854364646946,0.5052541039129601,0.4947458960870399,0.32670922608415587,0.6732907739158441,99,90,9
2024-12-04-LAL-MIA,2024-12-04,LAL,MIA,-3.5,3.5,3.314897382874081,6.810001001164735,0.48915768613173793,0.5108423138682621,0.6867889796894322,0.3132110203105678,134,93,41
2024-12-04-ORL-PHI,2024-12-04,ORL,PHI,5.5,-5.5,-5.92364956447825,6.714975882814951,0.47484731570615357,0.5251526842938464,0.18884649590777447,0.8111535040922255,102,106,-4
2024-12-04-ATL-MIL,2024-12-04,ATL,MIL,-4.5,4.5,4.008911063309374,7.512809298018019,0.4739409450561749,0.5260590549438251,0.7031943470725132,0.29680565292748684,104,119,-15
2024-12-04-MIN-LAC,2024-12-04,MIN,LAC,4.5,-4.5,-5.1456604581649135,7.143850182387496,0.463992664781562,0.536007335218438,0.23567251459445582,0.7643274854055442,80,108,-28
2024-12-05-DEN-CLE,2024-12-05,DEN,CLE,-3.5,3.5,3.2936931476657314,7.223236855335874,0.4886071384621635,0.5113928615378365,0.6757998909328644,0.3242001090671356,126,114,12
2024-12-05-DAL-WAS,2024-12-05,DAL,WAS,13.5,-13.5,-13.506461997158713,6.662268435917743,0.49961305019408575,0.5003869498059142,0.021315524078973414,0.9786844759210266,101,137,-36
2024-12-05-CHA-NYK,2024-12-05,CHA,NYK,-14.5,14.5,14.17073331747651,7.310794104764316,0.4820383389819468,0.5179616610180532,0.9737085275591317,0.02629147244086827,125,101,24
2024-12-05-OKC-TOR,2024-12-05,OKC,TOR,10.5,-10.5,-10.214794316319825,6.915702292615632,0.516447839559716,0.48355216044028404,0.06983196538913972,0.9301680346108603,92,129,-37
2024-12-05-SAC-MEM,2024-12-05,SAC,MEM,-3.5,3.5,3.8379407955339584,7.259780165212974,0.5185639502907543,0.4814360497092457,0.7014786379706119,0.29852136202938806,115,110,5
2024-12-05-PHX-NOP,2024-12-05,PHX,NOP,1.5,-1.5,-1.1060906768592167,6.507039809780645,0.5241355763895017,0.4758644236104983,0.43251147937825796,0.567488520621742,126,124,2
2024-12-05-CHI-SAS,2024-12-05,CHI,SAS,-2.5,2.5,3.1241017567793725,7.346248456113702,0.5338514829141976,0.4661485170858024,0.664678218120591,0.335321781879409,124,139,-15
2024-12-05-HOU-GSW,2024-12-05,HOU,GSW,4.5,-4.5,-4.249951957195935,7.128575645626419,0.5139907730519782,0.48600922694802184,0.2755257248513395,0.7244742751486605,99,93,6
2024-12-06-ORL-PHI,2024-12-06,ORL,PHI,2.5,-2.5,-2.680760969132361,6.74752807756625,0.4893139283230369,0.5106860716769631,0.34557486859383213,0.6544251314061679,102,94,8
2024-12-06-LAL-ATL,2024-12-06,LAL,ATL,-3.5,3.5,3.39930116477964,6.87105916307104,0.4941535090931729,0.5058464909068271,0.6896037176099612,0.3103962823900388,134,132,2
2024-12-06-MIL-BOS,2024-12-06,MIL,BOS,-8.0,8.0,7.880589948139878,7.454944447482231,0.49361018961331216,0.5063898103866878,0.8547660502676357,0.14523394973236425,111,105,6
2024-12-06-IND-CHI,2024-12-06,IND,CHI,3.0,-3.0,-3.9273068422401916,6.931526666764952,0.4467878603784694,0.5532121396215306,0.28549770157495735,0.7145022984250426,123,132,-9
2024-12-06-SAC-SAS,2024-12-06,SAC,SAS,7.0,-7.0,-7.0681362873506215,6.622171062921863,0.4958953089572361,0.5041046910427639,0.1429082038572591,0.8570917961427409,113,140,-27
2024-12-06-MIN-GSW,2024-12-06,MIN,GSW,1.5,-1.5,-1.9385066622883764,7.217989054566925,0.4757783926418171,0.5242216073581829,0.39413182826694415,0.6058681717330558,90,107,-17
2024-12-06-UTA-POR,2024-12-06,UTA,POR,-4.0,4.0,4.537835562218417,6.732964653867626,0.5318340264568161,0.4681659735431839,0.749835721355562,0.250164278644438,99,141,-42
2024-12-07-CLE-CHA,2024-12-07,CLE,CHA,13.5,-13.5,-12.742330131337306,6.735063655457816,0.5447850558374705,0.4552149441625295,0.02924954909194466,0.9707504509080553,102,116,-14
2024-12-07-DEN-WAS,2024-12-07,DEN,WAS,11.5,-11.5,-11.756718231530119,6.339468542505266,0.48384915524179795,0.516150844758202,0.0318318706076377,0.9681681293923623,122,113,9
2024-12-07-OKC-NOP,2024-12-07,OKC,NOP,8.0,-8.0,-7.7507889547937445,6.665373259423407,0.5149125427430996,0.4850874572569004,0.12244641133736689,0.8775535886626331,109,119,-10
2024-12-07-DET-NYK,2024-12-07,DET,NYK,-8.0,8.0,7.471593144791252,7.437212227112776,0.47167935935807415,0.5283206406419259,0.8424607484543988,0.15753925154560122,111,120,-9
2024-12-07-DAL-TOR,2024-12-07,DAL,TOR,8.0,-8.0,-7.722016110732385,7.113518615425975,0.5155860008521498,0.4844139991478502,0.13884105747435282,0.8611589425256472,118,125,-7
2024-12-07-MEM-BOS,2024-12-07,MEM,BOS,-7.0,7.0,6.981914656469463,7.688397596364855,0.49906157278604224,0.5009384272139578,0.8180900806974658,0.1819099193025342,121,127,-6
2024-12-07-PHX-MIA,2024-12-07,PHX,MIA,-5.5,5.5,5.98654532584641,7.041821739600652,0.5275424712398337,0.47245752876016633,0.8023768063226143,0.19762319367738568,121,111,10
2024-12-08-PHI-CHI,2024-12-08,PHI,CHI,3.0,-3.0,-4.02240354398568,6.674467691079129,0.4391276575701435,0.5608723424298565,0.27336900122751295,0.726630998772487,100,108,-8
2024-12-08-MIL-BKN,2024-12-08,MIL,BKN,6.0,-6.0,-5.701665054325395,6.666097148947588,0.5178483304353811,0.48215166956461886,0.19618622706058142,0.8038137729394186,113,118,-5
2024-12-08-CHA-IND,2024-12-08,CHA,IND,-12.0,12.0,11.76729889851274,6.866263340768672,0.4864822341528885,0.5135177658471115,0.9567158874230084,0.04328411257699161,109,113,-4
2024-12-08-DEN-ATL,2024-12-08,DEN,ATL,-1.0,1.0,1.3858067747648044,7.102293748025717,0.5216604631951722,0.47833953680482777,0.5773508949568303,0.42264910504316966,111,141,-30
2024-12-08-CLE-MIA,2024-12-08,CLE,MIA,2.5,-2.5,-2.2837510239387635,7.276279382322476,0.5118547071706705,0.4881452928293295,0.3768127475806994,0.6231872524193006,122,113,9
2024-12-08-PHX-ORL,2024-12-08,PHX,ORL,-2.0,2.0,2.3658685695574437,6.91234172689214,0.521106062613552,0.47889393738644803,0.6339251306706754,0.36607486932932465,115,110,5
2024-12-08-MEM-WAS,2024-12-08,MEM,WAS,10.0,-10.0,-9.992345040833598,6.826958270396334,0.5004473275074108,0.49955267249258917,0.0716434489664809,0.9283565510335191,112,140,-28
2024-12-08-NOP-SAS,2024-12-08,NOP,SAS,-7.0,7.0,6.937871138557702,6.510899529876177,0.496193236678365,0.503806763321635,0.8566927701167549,0.14330722988324507,121,116,5
2024-12-08-MIN-GSW,2024-12-08,MIN,GSW,-1.5,1.5,1.5479582288443017,7.1550874054517575,0.5026739606154536,0.49732603938454645,0.5856400840094967,0.41435991599050326,114,106,8
2024-12-08-HOU-LAC,2024-12-08,HOU,LAC,3.0,-3.0,-2.8796377643503894,7.041738162568106,0.5068186640318091,0.4931813359681909,0.34129240119426907,0.6587075988057309,106,117,-11
2024-12-08-UTA-SAC,2024-12-08,UTA,SAC,-11.0,11.0,11.045214036810107,7.206307631253463,0.5025030394938718,0.49749696050612824,0.9373269239930845,0.06267307600691552,141,97,44
2024-12-08-POR-LAL,2024-12-08,POR,LAL,-7.0,7.0,6.596909875601776,6.62021642461437,0.4757243002007068,0.5242756997992932,0.840491385825471,0.159508614174529,107,98,9
2024-12-09-NYK-TOR,2024-12-09,NYK,TOR,8.0,-8.0,-7.574196636606585,7.089806696707961,0.5239454904431493,0.4760545095568507,0.142687638677771,0.857312361322229,108,113,-5
2024-12-19-UTA-DET,2024-12-19,UTA,DET,-4.5,4.5,4.793619761216436,6.792038733497568,0.5172409002555332,0.48275909974446685,0.7598345276828897,0.24016547231711027,119,126,-7
2024-12-19-OKC-ORL,2024-12-19,OKC,ORL,6.5,-6.5,-5.510669515147281,6.947574546304732,0.5566177340163987,0.4433822659836013,0.21383680039381947,0.7861631996061805,99,105,-6
2024-12-19-CHA-WAS,2024-12-19,CHA,WAS,4.0,-4.0,-3.90372721900611,6.400099494792031,0.5060008183382183,0.4939991816617817,0.2709481617721623,0.7290518382278377,123,114,9
2024-12-19-CHI-BOS,2024-12-19,CHI,BOS,-14.5,14.5,15.520502071495603,7.859766946746062,0.5516529855481473,0.44834701445185265,0.9758476003049801,0.02415239969501992,108,117,-9
2024-12-19-BKN-TOR,2024-12-19,BKN,TOR,-2.5,2.5,2.445533306142331,6.9175952292400416,0.49685890228865814,0.5031410977113419,0.6381520377990242,0.3618479622009758,94,101,-7
2024-12-19-NOP-HOU,2024-12-19,NOP,HOU,-9.0,9.0,9.518925739417273,7.022434851069082,0.5294531980131749,0.4705468019868251,0.9123711925176681,0.08762880748233193,133,113,20
2024-12-19-GSW-MEM,2024-12-19,GSW,MEM,-2.0,2.0,2.7766314456393997,7.33860589585435,0.542140668601763,0.457859331398237,0.6474182344582295,0.35258176554177045,144,93,51
2024-12-19-NYK-MIN,2024-12-19,NYK,MIN,-3.5,3.5,4.1487372264970555,7.428131885637473,0.5347974539063388,0.4652025460936612,0.7117542677382057,0.2882457322617943,107,133,-26
2024-12-19-LAC-DAL,2024-12-19,LAC,DAL,1.0,-1.0,-0.8819538803732049,7.166551014682898,0.5065710072486129,0.4934289927513871,0.4510276873049809,0.5489723126950191,95,118,-23
2024-12-19-IND-PHX,2024-12-19,IND,PHX,-6.0,6.0,5.738341080477388,7.111546772665312,0.48532481587424703,0.514675184125753,0.790139327508928,0.209860672491072,111,120,-9
2024-12-19-ATL-SAS,2024-12-19,ATL,SAS,-1.0,1.0,1.2673459061224444,6.852285540291188,0.5155610171519005,0.4844389828480995,0.5733667717473911,0.42663322825260885,133,126,7
2024-12-19-DEN-POR,2024-12-19,DEN,POR,8.5,-8.5,-8.385413562393108,6.575098081521761,0.5069521488973223,0.4930478511026777,0.10109640057509273,0.8989035994249073,126,124,2
2024-12-19-LAL-SAC,2024-12-19,LAL,SAC,-4.5,4.5,3.959272453618415,6.900937853318253,0.4687725712563747,0.5312274287436253,0.7169246094536961,0.28307539054630393,100,113,-13
2024-12-20-CHA-PHI,2024-12-20,CHA,PHI,-13.5,13.5,14.164291340467107,6.7811955770996795,0.5390182894759306,0.46098171052406944,0.9816353420264904,0.018364657973509613,108,98,10
2024-12-20-MIL-CLE,2024-12-20,MIL,CLE,-9.0,9.0,9.007611706858452,7.579796125188077,0.5004006217490984,0.4995993782509016,0.8826564086448354,0.11734359135516459,124,101,23
2024-12-20-OKC-MIA,2024-12-20,OKC,MIA,1.0,-1.0,-0.5703313815049095,6.9210649379625915,0.5247509504545276,0.4752490495454724,0.46716227117567755,0.5328377288243225,97,104,-7
2024-12-21-LAL-SAC,2024-12-21,LAL,SAC,-4.0,4.0,3.2672457339918797,7.01801109625756,0.4584217828660001,0.5415782171339999,0.6792317243881807,0.3207682756118193,99,103,-4
2024-12-21-MIA-ORL,2024-12-21,MIA,ORL,-2.0,2.0,2.2766645553682574,7.014903817322925,0.5157300205885267,0.4842699794114733,0.6272379499960524,0.3727620500039476,121,114,7
2024-12-21-MEM-ATL,2024-12-21,MEM,ATL,1.5,-1.5,-0.6921344284287035,7.804525091772708,0.5412218685095777,0.45877813149042235,0.4646666299301694,0.5353333700698306,112,128,-16
2024-12-21-UTA-BKN,2024-12-21,UTA,BKN,-1.5,1.5,1.7049273820620474,6.766308438729591,0.5120806938012752,0.4879193061987248,0.5994690530173107,0.4005309469826893,94,105,-11
2024-12-21-PHI-CLE,2024-12-21,PHI,CLE,-9.0,9.0,8.573250747627736,7.275673608617587,0.4766137458565197,0.5233862541434803,0.8806703740381354,0.11932962596186458,126,99,27
2024-12-21-BOS-CHI,2024-12-21,BOS,CHI,12.0,-12.0,-11.28184408615733,7.362309784109113,0.5388531680831463,0.4611468319168537,0.06271454896779394,0.9372854510322061,98,123,-25
2024-12-21-WAS-MIL,2024-12-21,WAS,MIL,-8.5,8.5,7.55146341245142,6.970729154551489,0.44588130058134123,0.5541186994186588,0.8606646654334176,0.13933533456658242,112,101,11
2024-12-21-GSW-MIN,2024-12-21,GSW,MIN,-4.0,4.0,4.559967186749594,7.029132333851768,0.5317476627001403,0.4682523372998597,0.7417416213795989,0.25825837862040113,103,113,-10
2024-12-21-NYK-NOP,2024-12-21,NYK,NOP,8.0,-8.0,-8.206204434479828,6.756808639188152,0.4878269603117391,0.5121730396882609,0.11227672082530993,0.8877232791746901,93,104,-11
2024-12-21-LAC-DAL,2024-12-21,LAC,DAL,-3.5,3.5,3.1231328415928195,7.158308426924858,0.47900637851997163,0.5209936214800284,0.6686885778790265,0.33131142212097353,113,97,16
2024-12-21-POR-SAS,2024-12-21,POR,SAS,-6.5,6.5,6.853000000739745,6.76267983568231,0.5208146332708992,0.47918536672910084,0.8445548488048005,0.15544515119519953,114,94,20
2024-12-21-DET-PHX,2024-12-21,DET,PHX,-5.5,5.5,4.975989056543436,7.080552831293114,0.4705023812585647,0.5294976187414353,0.7588999653900192,0.24110003460998075,125,133,-8
2024-12-22-HOU-TOR,2024-12-22,HOU,TOR,9.0,-9.0,-9.03270683064878,6.610878197505026,0.498026270642996,0.501973729357004,0.08591614733482777,0.9140838526651722,110,114,-4
2024-12-22-IND-SAC,2024-12-22,IND,SAC,-3.0,3.0,2.217197047828673,7.502658940370357,0.45845106256941215,0.5415489374305879,0.6162022358471946,0.3837977641528054,95,122,-27
2024-12-22-DEN-NOP,2024-12-22,DEN,NOP,8.5,-8.5,-8.995154187367453,6.825031531428299,0.47108221587937404,0.528917784120626,0.09375764540931986,0.9062423545906801,129,132,-3
2024-12-23-HOU-CHA,2024-12-23,HOU,CHA,6.0,-6.0,-5.480556076443619,6.269092662949451,0.5330177395704239,0.46698226042957613,0.19099966725511397,0.809000332744886,101,114,-13
2024-12-23-UTA-CLE,2024-12-23,UTA,CLE,-14.0,14.0,14.478668285187185,7.614613540251536,0.5250617216032065,0.4749382783967935,0.9713772608150154,0.02862273918498459,124,113,11
2024-12-23-BOS-ORL,2024-12-23,BOS,ORL,8.5,-8.5,-7.628641560669027,7.134945946433127,0.5486001642205672,0.45139983577943277,0.14249112569660505,0.857508874303395,108,104,4
2024-12-23-SAS-PHI,2024-12-23,SAS,PHI,-5.5,5.5,5.586181466574764,6.986272605707815,0.504921159075544,0.495078840924456,0.788026959611156,0.21197304038884401,111,106,5
2024-12-23-MIN-ATL,2024-12-23,MIN,ATL,3.5,-3.5,-3.909594454204918,7.10993708478526,0.47703014737587957,0.5229698526241204,0.29120169762627157,0.7087983023737284,117,104,13
2024-12-23-BKN-MIA,2024-12-23,BKN,MIA,-10.0,10.0,9.442280507259456,7.021520313802842,0.46834529613235076,0.5316547038676492,0.9106491038707819,0.0893508961292181,110,95,15
2024-12-23-TOR-NYK,2024-12-23,TOR,NYK,-14.0,14.0,14.166631564995585,7.261114006154986,0.5091543173892606,0.49084568261073935,0.9744731000969353,0.02552689990306467,139,125,14
2024-12-23-MIL-CHI,2024-12-23,MIL,CHI,-3.0,3.0,2.473978169515891,7.21157169529414,0.4709263914528956,0.5290736085471044,0.6342221069989208,0.3657778930010792,91,112,-21
2024-12-23-LAC-MEM,2024-12-23,LAC,MEM,-6.0,6.0,6.260166204588995,7.7666017466342705,0.5133612993852614,0.4866387006147386,0.7898891619057378,0.21011083809426223,110,114,-4
2024-12-23-WAS-OKC,2024-12-23,WAS,OKC,-18.0,18.0,18.6919203343126,7.3635289525533665,0.5374318619569756,0.46256813804302443,0.9944327001538732,0.005567299846126805,123,105,18
2024-12-23-POR-DAL,2024-12-23,POR,DAL,-12.5,12.5,12.67576580155116,7.154708622246581,0.5097996104327989,0.49020038956720113,0.961775128539947,0.038224871460053045,132,108,24
2024-12-23-PHX-DEN,2024-12-23,PHX,DEN,-4.0,4.0,3.086221517039557,7.548783779123308,0.451825810125153,0.548174189874847,0.6586703285198631,0.34132967148013693,117,90,27
2024-12-23-IND-GSW,2024-12-23,IND,GSW,-6.0,6.0,6.298600706370832,7.032954689888596,0.5169329495428661,0.48306705045713394,0.8147624704230438,0.18523752957695616,105,111,-6
2024-12-23-DET-LAL,2024-12-23,DET,LAL,-6.5,6.5,6.890214621293863,7.107855895275278,0.5218905604048252,0.4781094395951748,0.8338222310095895,0.16617776899041048,114,117,-3
2024-12-25-SAS-NYK,2024-12-25,SAS,NYK,-8.5,8.5,8.45667866720779,7.404972366966536,0.4976660800538193,0.5023339199461807,0.8732786096984559,0.12672139030154406,117,114,3
2024-12-25-MIN-DAL,2024-12-25,MIN,DAL,-5.0,5.0,4.3527871972140515,7.267918005521801,0.4645208296286556,0.5354791703713444,0.7253816412769557,0.2746183587230443,99,105,-6
2024-12-25-PHI-BOS,2024-12-25,PHI,BOS,-10.5,10.5,10.513740127637462,7.311337969551957,0.5007497279771476,0.49925027202285244,0.9247836739346023,0.07521632606539774,114,118,-4
2024-12-25-LAL-GSW,2024-12-25,LAL,GSW,-4.0,4.0,3.396258842388085,6.65507356468605,0.4638579640610889,0.5361420359389111,0.6950885479312641,0.30491145206873593,113,115,-2
2024-12-25-DEN-PHX,2024-12-25,DEN,PHX,2.5,-2.5,-3.0627669521795493,6.917062879534365,0.46757813322416064,0.5324218667758394,0.32896087458679846,0.6710391254132015,110,100,10
2024-12-26-OKC-IND,2024-12-26,OKC,IND,5.0,-5.0,-4.838925508555834,7.171578119399089,0.5089595374386455,0.4910404625613545,0.24992159571481598,0.750078404285184,114,120,-6
2024-12-26-MIA-ORL,2024-12-26,MIA,ORL,-1.5,1.5,1.7504021719814848,7.042906587192621,0.5141809308809284,0.4858190691190716,0.5981393899477322,0.4018606100522678,88,89,-1
2024-12-26-CHA-WAS,2024-12-26,CHA,WAS,5.0,-5.0,-4.733561317102075,6.350986533733449,0.5167316501099295,0.4832683498900705,0.2280370514475789,0.7719629485524211,113,110,3
2024-12-26-CHI-ATL,2024-12-26,CHI,ATL,-5.0,5.0,5.626047873510882,7.448511649474663,0.5334916859888831,0.4665083140111169,0.774973031741779,0.225026968258221,141,133,8
2024-12-26-TOR-MEM,2024-12-26,TOR,MEM,-11.0,11.0,11.599646995027168,7.707488538051646,0.5310066531491193,0.4689933468508807,0.93383590591996,0.06616409408003998,155,126,29
2024-12-26-BKN-MIL,2024-12-26,BKN,MIL,-6.5,6.5,6.328482951377195,6.909311084600009,0.49009765595301735,0.5099023440469826,0.8201496237389461,0.17985037626105393,105,111,-6
2024-12-26-HOU-NOP,2024-12-26,HOU,NOP,7.0,-7.0,-6.86778606125885,6.619090536905066,0.5079681978466064,0.4920318021533936,0.1497345721330583,0.8502654278669417,111,128,-17
2024-12-26-UTA-POR,2024-12-26,UTA,POR,-3.5,3.5,3.3971993567836223,6.695096197857421,0.4938746344536712,0.5061253655463288,0.694068541446996,0.30593145855300397,122,120,2
2024-12-26-DET-SAC,2024-12-26,DET,SAC,-5.0,5.0,5.5725472902064785,7.354689515204783,0.5310254867813133,0.46897451321868666,0.7756805907788008,0.2243194092211992,113,114,-1
2024-12-27-NYK-ORL,2024-12-27,NYK,ORL,6.5,-6.5,-6.5868167802020725,7.039305110821347,0.49507991119664874,0.5049200888033513,0.17470875098474092,0.8252912490152591,85,108,-23
2024-12-27-IND-BOS,2024-12-27,IND,BOS,-12.0,12.0,12.393771060356851,7.440124719193985,0.5211042991059118,0.47889570089408817,0.9521235232674152,0.04787647673258477,142,105,37
2024-12-27-SAS-BKN,2024-12-27,SAS,BKN,8.0,-8.0,-8.192796696562821,6.62538899176083,0.4883925456859608,0.5116074543140392,0.10812227625612114,0.8918777237438789,87,96,-9
2024-12-27-MIN-HOU,2024-12-27,MIN,HOU,-1.0,1.0,0.411233662573647,7.181877977760204,0.4673315313117601,0.5326684686882399,0.5228309211080274,0.4771690788919726,112,113,-1
2024-12-27-MEM-NOP,2024-12-27,MEM,NOP,7.0,-7.0,-6.671971657577874,7.246720434377521,0.5180522623888583,0.48194773761114174,0.178606559316127,0.821393440683873,124,132,-8
2024-12-27-CLE-DEN,2024-12-27,CLE,DEN,3.5,-3.5,-3.6914002815919473,7.782146803980074,0.49018908673199546,0.5098109132680045,0.3176279678020335,0.6823720321979665,135,149,-14
2024-12-27-DAL-PHX,2024-12-27,DAL,PHX,-1.0,1.0,0.47135137970451324,7.044381829130527,0.47008928536924766,0.5299107146307523,0.5266739902759805,0.4733260097240195,89,98,-9
2024-12-27-GSW-LAC,2024-12-27,GSW,LAC,-5.5,5.5,5.960278527976315,6.882079761535843,0.5266616735970335,0.47333832640296647,0.806770754031543,0.19322924596845703,102,92,10
2024-12-28-MIA-ATL,2024-12-28,MIA,ATL,1.0,-1.0,-1.3377496691718531,7.190597491063754,0.4812681639867188,0.5187318360132812,0.42620610167443573,0.5737938983255643,120,110,10
2024-12-28-OKC-CHA,2024-12-28,OKC,CHA,14.0,-14.0,-13.955800224320663,6.513727195828015,0.5027070559534075,0.4972929440465925,0.016075772316792025,0.983924227683208,94,106,-12
2024-12-28-NYK-WAS,2024-12-28,NYK,WAS,13.0,-13.0,-12.57931389791841,6.565233024461487,0.5255458857956925,0.4744541142043075,0.027679373977882005,0.972320626022118,132,136,-4
2024-12-28-MIL-CHI,2024-12-28,MIL,CHI,2.0,-2.0,-2.431118009934972,7.075623246203117,0.4757074625698867,0.5242925374301133,0.36557707761100366,0.6344229223889963,116,111,5
2024-12-28-PHX-GSW,2024-12-28,PHX,GSW,-7.0,7.0,6.980893069490535,6.821078657570736,0.4988825004309152,0.5011174995690848,0.8469475895743996,0.15305241042560036,109,105,4
2024-12-28-DET-DEN,2024-12-28,DET,DEN,-6.5,6.5,5.858878163160195,7.385474453926589,0.4654118721359224,0.5345881278640776,0.7861977333271201,0.21380226667287994,134,121,13
2024-12-28-PHI-UTA,2024-12-28,PHI,UTA,7.0,-7.0,-8.011342935056552,6.364577426150329,0.4368731134737489,0.5631268865262511,0.10406227837097926,0.8959377216290207,111,114,-3
2024-12-28-DAL-POR,2024-12-28,DAL,POR,3.5,-3.5,-4.0637679185074855,6.588872164216537,0.46590664977870133,0.5340933502212987,0.2686957625555152,0.7313042374444848,126,122,4
2024-12-28-SAC-LAL,2024-12-28,SAC,LAL,3.5,-3.5,-2.8099434836372374,6.747575242842387,0.5407277576244303,0.45927224237556974,0.3385449399246778,0.6614550600753222,132,122,10
2024-12-29-BKN-ORL,2024-12-29,BKN,ORL,-8.5,8.5,8.277398220607228,6.808541462996807,0.4869591096101282,0.5130408903898718,0.8879575061777079,0.11204249382229214,102,101,1
2024-12-29-IND-BOS,2024-12-29,IND,BOS,-10.5,10.5,10.715913270948887,7.465839455029297,0.5115358664712042,0.4884641335287958,0.9244028849197029,0.0755971150802971,114,123,-9
2024-12-29-ATL-TOR,2024-12-29,ATL,TOR,-1.0,1.0,1.4387807250935087,6.755645913802172,0.5258931845673189,0.4741068154326811,0.584326597700177,0.41567340229982297,107,136,-29
2024-12-29-MIA-HOU,2024-12-29,MIA,HOU,-8.5,8.5,8.51739731540294,7.28491591917054,0.5009527245282683,0.49904727547173167,0.8788349754880183,0.12116502451198174,100,104,-4
2024-12-29-MEM-OKC,2024-12-29,MEM,OKC,-8.0,8.0,8.426442746606359,8.474914484050654,0.5200656040022249,0.4799343959977751,0.8399568521653535,0.16004314783464646,130,106,24
2024-12-29-SAS-MIN,2024-12-29,SAS,MIN,-6.0,6.0,6.177611021881442,7.152518243824269,0.5099054993434833,0.4900945006565167,0.8061229139192013,0.19387708608079868,112,110,2
2024-12-30-CHI-CHA,2024-12-30,CHI,CHA,4.0,-4.0,-3.6539234704458154,6.751533338117868,0.5204404120495711,0.47955958795042886,0.29418519398014686,0.7058148060198531,108,115,-7
2024-12-30-NYK-WAS,2024-12-30,NYK,WAS,13.0,-13.0,-12.773451485187293,6.671678480438289,0.5135441801477583,0.48645581985224173,0.027773146219330802,0.9722268537806692,106,126,-20
2024-12-30-LAC-NOP,2024-12-30,LAC,NOP,4.5,-4.5,-4.410814779862881,6.827739592859841,0.5052109110002594,0.4947890889997406,0.2591351721442857,0.7408648278557143,113,116,-3
2024-12-30-DEN-UTA,2024-12-30,DEN,UTA,7.5,-7.5,-7.723335621849757,6.580387664770175,0.48646266382740466,0.5135373361725953,0.12025959567744793,0.8797404043225521,121,132,-11
2024-12-30-CLE-GSW,2024-12-30,CLE,GSW,3.5,-3.5,-2.963536594640807,7.332676768757004,0.5291608607699395,0.4708391392300605,0.34304944064958465,0.6569505593504154,95,113,-18
2024-12-30-PHI-POR,2024-12-30,PHI,POR,7.0,-7.0,-7.87326201165623,6.32203293017347,0.44506886304271776,0.5549311369572822,0.10649812426286198,0.893501875737138,103,125,-22
2024-12-30-DAL-SAC,2024-12-30,DAL,SAC,-8.5,8.5,8.232830497549363,7.486638263235942,0.4857662961176431,0.5142337038823569,0.8642620056370358,0.1357379943629642,110,100,10
2024-12-31-TOR-BOS,2024-12-31,TOR,BOS,-17.0,17.0,17.224147372591506,7.25735186799712,0.5123195968415006,0.48768040315849936,0.9911859326993793,0.008814067300620732,125,71,54
2024-12-31-MIL-IND,2024-12-31,MIL,IND,2.0,-2.0,-3.083945455899129,7.202838556704632,0.44018955208467014,0.5598104479153299,0.3342684248216874,0.6657315751783126,112,120,-8
2024-12-31-LAC-SAS,2024-12-31,LAC,SAS,-3.5,3.5,3.505889325883017,6.99441746102849,0.500335910865096,0.499664089134904,0.6918992650322113,0.30810073496778867,122,86,36
2024-12-31-MIN-OKC,2024-12-31,MIN,OKC,-6.5,6.5,6.725196636818496,7.501373285699684,0.5119747362972766,0.48802526370272337,0.815014777444488,0.18498522255551197,113,105,8
2024-12-31-MEM-PHX,2024-12-31,MEM,PHX,-5.5,5.5,5.977669505593377,7.3310990888828504,0.5259753428758268,0.4740246571241732,0.7925740659048295,0.20742593409517052,112,117,-5
2024-12-31-CLE-LAL,2024-12-31,CLE,LAL,4.5,-4.5,-3.345786893991139,7.252427821561323,0.5632240664354834,0.4367759335645166,0.3222797272095148,0.6777202727904852,110,122,-12
2025-01-01-ORL-DET,2025-01-01,ORL,DET,-2.0,2.0,1.2951176282518309,6.645983484912657,0.457766814824792,0.542233185175208,0.5772535130316884,0.42274648696831163,105,96,9
2025-01-01-CHI-WAS,2025-01-01,CHI,WAS,6.5,-6.5,-6.293413892747289,6.786962345583533,0.5121413975401893,0.4878586024598107,0.17689060890213604,0.823109391097864,125,107,18
2025-01-01-NOP-MIA,2025-01-01,NOP,MIA,-9.0,9.0,9.5067947566036,6.899727424517085,0.5292765484172508,0.4707234515827492,0.9158753166754541,0.08412468332454592,119,108,11
2025-01-01-UTA-NYK,2025-01-01,UTA,NYK,-12.0,12.0,12.27204804510615,7.628027048239468,0.5142249710970734,0.48577502890292656,0.9461710797178913,0.05382892028210873,119,103,16
2025-01-01-BKN-TOR,2025-01-01,BKN,TOR,-1.0,1.0,-0.46740006281560653,6.643901278184533,0.4125990794969939,0.5874009205030061,0.4719574470950434,0.5280425529049566,130,113,17
2025-01-01-DAL-HOU,2025-01-01,DAL,HOU,-4.5,4.5,5.031489495801756,7.170219381735808,0.52954437123362,0.47045562876638003,0.7585732381548304,0.24142676184516965,110,99,11
2025-01-01-ATL-DEN,2025-01-01,ATL,DEN,-8.0,8.0,7.160707756802705,7.689039275228241,0.4565400254544796,0.5434599745455204,0.8241476204610376,0.17585237953896238,139,120,19
2025-01-01-PHI-SAC,2025-01-01,PHI,SAC,-6.0,6.0,5.341982552032062,7.238139224694427,0.46378215031822634,0.5362178496817737,0.7697526737556326,0.2302473262443674,113,107,6
2025-01-02-IND-MIA,2025-01-02,IND,MIA,-2.0,2.0,1.4668059340226076,7.174845576940219,0.47038012501008875,0.5296198749899113,0.5809941010410118,0.4190058989589882,115,128,-13
2025-01-02-BOS-MIN,2025-01-02,BOS,MIN,3.0,-3.0,-2.493691779703507,7.216459887148676,0.5279669213024937,0.4720330786975063,0.3648381690303031,0.6351618309696969,115,118,-3
2025-01-02-BKN-MIL,2025-01-02,BKN,MIL,-12.5,12.5,12.481729110260247,7.1019393623541305,0.49897365747504563,0.5010263425249544,0.9605845365099112,0.03941546349008884,110,113,-3
2025-01-02-LAC-OKC,2025-01-02,LAC,OKC,-12.0,12.0,11.913969847545886,7.622577928549864,0.49549754205089336,0.5045024579491066,0.940971859556011,0.05902814044398896,116,98,18
2025-01-02-PHI-GSW,2025-01-02,PHI,GSW,-4.0,4.0,4.613633765778213,6.702855116993821,0.5364714626330156,0.4635285373669844,0.7543708107579048,0.2456291892420952,139,105,34
2025-01-02-POR-LAL,2025-01-02,POR,LAL,-6.5,6.5,6.422556003496433,7.128420916822192,0.49566592977951585,0.5043340702204842,0.8162001996959729,0.1837998003040271,114,106,8
2025-01-03-CHA-DET,2025-01-03,CHA,DET,-7.5,7.5,6.4123465611234405,6.915053163337367,0.4375090208096244,0.5624909791903756,0.8231152694857241,0.1768847305142759,98,94,4
2025-01-03-ORL-TOR,2025-01-03,ORL,TOR,2.0,-2.0,-2.86821421297991,6.427960402188675,0.44627890416685334,0.5537210958331467,0.32772311704625634,0.6722768829537437,97,106,-9
2025-01-03-BOS-HOU,2025-01-03,BOS,HOU,3.5,-3.5,-2.3183793747189276,7.393883703596038,0.5634848436115176,0.4365151563884824,0.37693002582163726,0.6230699741783627,86,109,-23
2025-01-03-WAS-NOP,2025-01-03,WAS,NOP,-7.5,7.5,7.197834437719277,6.9234151968077455,0.4825940873880721,0.5174059126119279,0.8507455700654196,0.14925442993458038,132,120,12
2025-01-03-NYK-OKC,2025-01-03,NYK,OKC,-3.5,3.5,3.469847960873515,7.803584849389007,0.49845854263788425,0.5015414573621158,0.6717129030620399,0.3282870969379601,117,107,10
2025-01-03-CLE-DAL,2025-01-03,CLE,DAL,9.5,-9.5,-9.15361452308462,7.32240898068505,0.518864869668314,0.481135130331686,0.10563472588502432,0.8943652741149757,122,134,-12
2025-01-03-SAS-DEN,2025-01-03,SAS,DEN,-6.0,6.0,4.996413688275004,7.526162835129756,0.44695973810981404,0.553040261890186,0.7466140897484382,0.25338591025156176,110,113,-3
2025-01-03-MEM-SAC,2025-01-03,MEM,SAC,-3.5,3.5,3.7668584952400526,7.874004398907814,0.5135179959842969,0.4864820040157031,0.6838142865506084,0.3161857134493916,138,133,5
2025-01-03-ATL-LAL,2025-01-03,ATL,LAL,-3.0,3.0,2.5656717339633315,7.390556337067388,0.47656844558599976,0.5234315544140002,0.6357627221734519,0.36423727782654813,119,102,17
2025-01-04-PHI-BKN,2025-01-04,PHI,BKN,9.0,-9.0,-9.148685725276714,6.403022253205905,0.49073692241901035,0.5092630775809897,0.07652979572959695,0.923470204270403,94,123,-29
2025-01-04-MIN-DET,2025-01-04,MIN,DET,6.5,-6.5,-6.866876342892667,6.84915685869698,0.47864079816750027,0.5213592018324997,0.15803006016037568,0.8419699398396243,119,105,14
2025-01-04-PHX-IND,2025-01-04,PHX,IND,-3.0,3.0,2.4245001724534436,7.069084960717693,0.46755763216544033,0.5324423678345597,0.6341903422035776,0.3658096577964224,126,108,18
2025-01-04-UTA-MIA,2025-01-04,UTA,MIA,-8.5,8.5,8.404575621060234,7.23540410820155,0.4947386883716879,0.5052613116283121,0.8772990489855479,0.12270095101445211,100,136,-36
2025-01-04-NYK-CHI,2025-01-04,NYK,CHI,6.0,-6.0,-4.702407892803427,6.9046342780685,0.5745344751461063,0.42546552485389366,0.24791961880556324,0.7520803811944368,139,126,13
2025-01-04-POR-MIL,2025-01-04,POR,MIL,-12.5,12.5,13.016188317296663,7.325425349324502,0.5280883419881919,0.4719116580118081,0.9622036092136584,0.03779639078634156,102,105,-3
2025-01-04-DEN-SAS,2025-01-04,DEN,SAS,3.0,-3.0,-2.553895269689077,7.2410911153597874,0.5245622544491693,0.47543774555083074,0.36215862457845915,0.6378413754215408,111,122,-11
2025-01-04-MEM-GSW,2025-01-04,MEM,GSW,-3.0,3.0,3.8976761379300164,7.375735010040147,0.5484343342117425,0.4515656657882575,0.7014050195268522,0.2985949804731478,121,113,8
2025-01-04-ATL-LAC,2025-01-04,ATL,LAC,-7.0,7.0,7.055495157662539,7.11710582834841,0.5031106942821558,0.4968893057178442,0.839241011046375,0.16075898895362495,131,105,26
2025-01-05-BOS-OKC,2025-01-05,BOS,OKC,-1.0,1.0,1.9485683617231278,7.808030098780019,0.5483470508303045,0.45165294916969545,0.5985360025886663,0.40146399741133365,105,92,13
2025-01-05-CHA-CLE,2025-01-05,CHA,CLE,-16.0,16.0,15.267277292817036,7.380703460329242,0.46045978240496177,0.5395402175950382,0.980705343981733,0.019294656018266965,115,105,10
2025-01-05-NOP-WAS,2025-01-05,NOP,WAS,6.0,-6.0,-5.657104690214767,6.591141767012806,0.5207450789933561,0.4792549210066439,0.19536644200216025,0.8046335579978398,98,110,-12
2025-01-05-UTA-ORL,2025-01-05,UTA,ORL,-9.5,9.5,10.365406716938207,7.166273794665746,0.5480598473542211,0.4519401526457789,0.9259695972034973,0.07403040279650275,92,105,-13
2025-01-05-LAL-HOU,2025-01-05,LAL,HOU,-4.5,4.5,4.402282998262186,7.16594978200414,0.4945600741598073,0.5054399258401927,0.7305025145749943,0.26949748542500573,119,115,4
2025-01-05-SAC-GSW,2025-01-05,SAC,GSW,-3.0,3.0,2.6643305356535736,6.881338261388148,0.48054743876396366,0.5194525612360363,0.6506892746607131,0.34931072533928686,99,129,-30
2025-01-06-POR-DET,2025-01-06,POR,DET,-6.0,6.0,6.166753654108176,7.049483754349161,0.5094359930309205,0.49056400696907954,0.8091534307461747,0.19084656925382526,118,115,3
2025-01-06-PHX-PHI,2025-01-06,PHX,PHI,1.5,-1.5,-1.5995122972154305,6.731925833590032,0.49410299251648415,0.5058970074835158,0.4060952881541031,0.5939047118458969,99,109,-10
2025-01-06-IND-BKN,2025-01-06,IND,BKN,11.0,-11.0,-10.536946349522475,6.519086905447782,0.5283132378658277,0.47168676213417227,0.053012310522694395,0.9469876894773056,99,113,-14
2025-01-06-ORL-NYK,2025-01-06,ORL,NYK,-10.5,10.5,9.829102900213064,7.039893919951706,0.4620385415856283,0.5379614584143717,0.9186729259803088,0.08132707401969119,94,103,-9
2025-01-06-MIL-TOR,2025-01-06,MIL,TOR,6.0,-6.0,-6.189080212384425,6.539724194372739,0.48846716149231595,0.511532838507684,0.17197677645027643,0.8280232235497236,104,128,-24
2025-01-06-SAS-CHI,2025-01-06,SAS,CHI,3.0,-3.0,-2.991915186659006,7.056392649730094,0.5004570852736386,0.49954291472636136,0.33578266360309283,0.6642173363969072,114,110,4
2025-01-06-DAL-MEM,2025-01-06,DAL,MEM,-4.5,4.5,4.437589628740971,7.463677117197462,0.49666413146063326,0.5033358685393667,0.7239305500129402,0.27606944998705985,119,104,15
2025-01-06-LAC-MIN,2025-01-06,LAC,MIN,-2.5,2.5,1.8968555669012424,6.816620834740326,0.4647470172724887,0.5352529827275113,0.609597137859772,0.390402862140228,108,106,2
2025-01-06-MIA-SAC,2025-01-06,MIA,SAC,-4.0,4.0,2.6894230410074944,7.057467613102935,0.42633972395015707,0.5736602760498429,0.6484261261297711,0.35157387387022887,123,118,5
2025-01-07-PHX-CHA,2025-01-07,PHX,CHA,5.0,-5.0,-4.640722017522426,6.4353567779362875,0.522260887841558,0.477739112158442,0.23541509318793818,0.7645849068120618,115,104,11
2025-01-07-HOU-WAS,2025-01-07,HOU,WAS,13.5,-13.5,-13.022870073027011,6.525405902280814,0.5291442140165541,0.4708557859834459,0.022982312868628618,0.9770176871313714,112,135,-23
2025-01-07-LAL-DAL,2025-01-07,LAL,DAL,6.5,-6.5,-6.997682458281232,6.95239326809024,0.4714663529290406,0.5285336470709594,0.15708414530457637,0.8429158546954236,118,97,21
2025-01-07-MIN-NOP,2025-01-07,MIN,NOP,4.0,-4.0,-3.5914409211675613,6.607748797403674,0.5246510124326262,0.47534898756737376,0.2933860530786737,0.7066139469213263,97,104,-7
2025-01-07-ATL-UTA,2025-01-07,ATL,UTA,5.5,-5.5,-5.764627911673204,6.977209633273243,0.48487275530454366,0.5151272446954563,0.20434299468703288,0.7956570053129671,121,124,-3
2025-01-07-BOS-DEN,2025-01-07,BOS,DEN,10.5,-10.5,-9.809502958813312,7.190565876576696,0.5382509090101661,0.46174909098983385,0.08624940445473839,0.9137505955452616,106,118,-12
2025-01-07-MIA-GSW,2025-01-07,MIA,GSW,-9.0,9.0,8.365910215508427,6.749836956289028,0.4625778150841544,0.5374221849158456,0.8924057491168684,0.10759425088313157,98,114,-16
2025-01-08-OKC-CLE,2025-01-08,OKC,CLE,-3.0,3.0,3.347211958375253,7.604231049151401,0.5182095221458071,0.48179047785419293,0.6700957487581907,0.32990425124180933,129,122,7
2025-01-08-CHI-IND,2025-01-08,CHI,IND,-5.0,5.0,4.762972652153641,7.257565939748777,0.4869731223984016,0.5130268776015984,0.7441770011977598,0.25582299880224024,129,113,16
2025-01-08-TOR-NYK,2025-01-08,TOR,NYK,-12.0,12.0,11.643774186483435,7.113288293408267,0.4800297480142448,0.5199702519857552,0.9491747955909076,0.05082520440909244,112,98,14
2025-01-08-WAS-PHI,2025-01-08,WAS,PHI,-10.5,10.5,10.609511932591131,7.061494411825493,0.5061866775468951,0.49381332245310494,0.9335089796110705,0.06649102038892951,109,103,6
2025-01-08-DET-BKN,2025-01-08,DET,BKN,9.5,-9.5,-8.817285306380708,6.620001409168492,0.5410697395365787,0.45893026046342134,0.09144390855359141,0.9085560914464086,98,113,-15
2025-01-08-POR-NOP,2025-01-08,POR,NOP,-2.0,2.0,1.7696961135774856,6.90633554313764,0.4866990342767541,0.5133009657232459,0.6011181712585325,0.3988818287414675,100,119,-19
2025-01-08-LAC-DEN,2025-01-08,LAC,DEN,3.5,-3.5,-4.567192426115469,7.2422510789540215,0.44142533810206164,0.5585746618979384,0.26414071421013396,0.735859285789866,126,103,23
2025-01-08-SAS-MIL,2025-01-08,SAS,MIL,-4.5,4.5,4.652789748167949,7.422425629528388,0.5082115994290604,0.49178840057093964,0.7346230830096246,0.26537691699037536,121,105,16
2025-01-09-TOR-CLE,2025-01-09,TOR,CLE,-13.5,13.5,13.19845369354685,7.2986536068483,0.4835222546484198,0.5164777453515802,0.9647232685318617,0.035276731468138256,132,126,6
2025-01-09-GSW-DET,2025-01-09,GSW,DET,2.5,-2.5,-2.73252586469563,7.045451548912938,0.48683582445748086,0.5131641755425191,0.34906627908488463,0.6509337209151154,104,107,-3
2025-01-09-MIN-ORL,2025-01-09,MIN,ORL,5.5,-5.5,-4.353996234326939,6.630469809557856,0.5686110092698222,0.4313889907301778,0.2556982313339322,0.7443017686660678,89,104,-15
2025-01-09-HOU-MEM,2025-01-09,HOU,MEM,-3.0,3.0,4.333260721026778,7.299139629370578,0.5724675918416955,0.4275324081583045,0.7236326802597646,0.27636731974023543,115,119,-4
2025-01-09-POR-DAL,2025-01-09,POR,DAL,-7.5,7.5,8.004260608366335,7.0271114393243135,0.5286032690055131,0.47139673099448687,0.8726597200551682,0.12734027994483177,117,111,6
2025-01-09-ATL-PHX,2025-01-09,ATL,PHX,-6.0,6.0,5.725901281087962,7.170706209069961,0.4847542290037704,0.5152457709962296,0.7877135396922375,0.21228646030776255,123,115,8
2025-01-09-MIA-UTA,2025-01-09,MIA,UTA,5.5,-5.5,-6.11598355691497,6.664193344783153,0.4631774772462556,0.5368225227537444,0.1793780207860074,0.8206219792139926,92,97,-5
2025-02-19-CHA-LAL,2025-02-19,CHA,LAL,-13.0,13.0,12.301672358297674,6.911536069674266,0.4597601554595532,0.5402398445404468,0.9624518148655941,0.03754818513440594,97,100,-3
2025-01-10-GSW-IND,2025-01-10,GSW,IND,-11.0,11.0,10.759162582818037,7.166751178863966,0.486596137436072,0.513403862563928,0.9333559396998414,0.06664406030015857,108,96,12
2025-01-10-MIL-ORL,2025-01-10,MIL,ORL,6.0,-6.0,-6.06109805643295,6.959199547884043,0.4964975447723561,0.5035024552276439,0.1918913858627187,0.8081086141372813,106,109,-3
2025-01-10-NOP-PHI,2025-01-10,NOP,PHI,-7.0,7.0,7.023497509748502,6.9564740144449475,0.5013475407624196,0.4986524592375804,0.8436648292733715,0.1563351707266285,115,123,-8
2025-01-10-SAC-BOS,2025-01-10,SAC,BOS,-12.0,12.0,12.344088017404705,7.315474432526091,0.5187575885889799,0.4812424114110201,0.9542361962420597,0.04576380375794031,97,114,-17
2025-01-10-OKC-NYK,2025-01-10,OKC,NYK,2.5,-2.5,-2.753142491755863,7.226011993580232,0.4860270657832666,0.5139729342167334,0.3515999852550509,0.6484000147449491,101,126,-25
2025-01-10-WAS-CHI,2025-01-10,WAS,CHI,-10.0,10.0,10.12556871655089,7.123153875634501,0.5070322888701274,0.4929677111298726,0.9224143850079676,0.07758561499203243,138,105,33
2025-01-10-BKN-DEN,2025-01-10,BKN,DEN,-15.0,15.0,13.948478927711413,7.147580334633184,0.4415203606548376,0.5584796393451624,0.9745010015811557,0.025498998418844288,124,105,19
2025-01-28-HOU-ATL,2025-01-28,HOU,ATL,5.0,-5.0,-4.222589717640893,7.058021893235872,0.5438530604199121,0.4561469395800879,0.2748305116269427,0.7251694883730573,96,100,-4
2025-01-11-UTA-PHX,2025-01-11,UTA,PHX,-10.5,10.5,10.115582768928707,7.167730469554546,0.47861431880011507,0.5213856811998849,0.9209170760658824,0.07908292393411764,114,106,8
2025-01-11-TOR-DET,2025-01-11,TOR,DET,-5.0,5.0,5.206314254840725,6.911156738791527,0.5119075950897438,0.4880924049102562,0.774371250542262,0.22562874945773803,123,114,9
2025-01-11-MEM-MIN,2025-01-11,MEM,MIN,-2.5,2.5,2.7434363547109615,7.20637339418902,0.5134739877751888,0.4865260122248112,0.6482855210528972,0.35171447894710284,125,127,-2
2025-01-11-MIA-POR,2025-01-11,MIA,POR,4.5,-4.5,-5.442464811487248,6.5557754833625115,0.4428446018663027,0.5571553981336973,0.20321889345330657,0.7967811065466934,98,119,-21
2025-03-17-SAS-LAL,2025-03-17,SAS,LAL,-9.0,9.0,9.387295360550512,7.208240073223992,0.5214246728940215,0.4785753271059785,0.9035931764005998,0.09640682359940023,125,109,16
2025-03-16-CHA-LAC,2025-03-16,CHA,LAC,-13.5,13.5,12.981399082168465,7.062112268433873,0.4707302818011335,0.5292697181988665,0.9669816978011563,0.03301830219884372,123,88,35
2025-01-12-MIL-NYK,2025-01-12,MIL,NYK,-5.0,5.0,4.6218383894852915,7.344192506190471,0.4794670393175303,0.5205329606824697,0.735429815958154,0.26457018404184596,140,106,34
2025-01-12-DEN-DAL,2025-01-12,DEN,DAL,5.5,-5.5,-4.6433779638881845,6.848455821991034,0.5497708847825908,0.45022911521740916,0.24888006410741603,0.751119935892584,101,112,-11
2025-01-12-SAC-CHI,2025-01-12,SAC,CHI,5.0,-5.0,-4.5638167344311915,6.961162228630419,0.5249811942024253,0.4750188057975747,0.25603712113431343,0.7439628788656866,119,124,-5
2025-01-12-NOP-BOS,2025-01-12,NOP,BOS,-14.5,14.5,14.65560444787297,7.222355857349219,0.508594479743006,0.491405520256994,0.9787810377995647,0.021218962200435287,120,119,1
2025-01-12-IND-CLE,2025-01-12,IND,CLE,-9.0,9.0,9.48043969716548,7.3780675681859105,0.5259596892043221,0.4740403107956779,0.9005949267508215,0.09940507324917847,93,108,-15
2025-01-12-PHI-ORL,2025-01-12,PHI,ORL,-2.0,2.0,2.064040444311509,6.812544754243573,0.5037501499872863,0.4962498500127137,0.6190460854938995,0.3809539145061005,104,99,5
2025-01-12-OKC-WAS,2025-01-12,OKC,WAS,15.5,-15.5,-15.501631742801294,6.6364566844207475,0.4999019098264973,0.5000980901735027,0.00975006299308756,0.9902499370069124,95,136,-41
2025-01-12-BKN-UTA,2025-01-12,BKN,UTA,-3.5,3.5,2.478835471006862,6.668845009916135,0.43914999032676694,0.5608500096732331,0.6449433268082349,0.35505667319176515,112,111,1
2025-01-12-CHA-PHX,2025-01-12,CHA,PHX,-7.0,7.0,5.303122144685806,6.935924811975268,0.40336350798678566,0.5966364920132143,0.7777414240264421,0.22225857597355791,120,113,7
2025-01-13-MIN-WAS,2025-01-13,MIN,WAS,14.5,-14.5,-14.983501321215993,6.522598195129698,0.4704546239620009,0.5295453760379991,0.010804604977661225,0.9891953950223388,106,120,-14
2025-01-13-DET-NYK,2025-01-13,DET,NYK,-8.5,8.5,7.858639345319885,7.476045567501668,0.4658171721683251,0.5341828278316749,0.8534111079800686,0.14658889201993142,119,124,-5
2025-01-13-GSW-TOR,2025-01-13,GSW,TOR,5.5,-5.5,-6.2653612054021135,6.42940316580869,0.45262152153162294,0.5473784784683771,0.16490772722354907,0.8350922727764509,104,101,3
2025-01-13-MEM-HOU,2025-01-13,MEM,HOU,-2.5,2.5,3.4956910402470407,7.353397376434493,0.5538543939075429,0.4461456060924571,0.6827435252704863,0.3172564747295137,120,118,2
2025-01-13-SAS-LAL,2025-01-13,SAS,LAL,-4.5,4.5,4.079304621365388,7.03735008697835,0.47616528079832976,0.5238347192016702,0.7189296809128183,0.2810703190871817,102,126,-24
2025-01-13-MIA-LAC,2025-01-13,MIA,LAC,-8.5,8.5,8.451861792325936,6.9122977502377445,0.4972217326558991,0.5027782673441009,0.8892838250364705,0.11071617496352948,109,98,11
2025-01-14-CLE-IND,2025-01-14,CLE,IND,8.0,-8.0,-7.4000622498934,7.362918675073005,0.5324702705534257,0.46752972944657434,0.1574376677716951,0.8425623322283049,117,127,-10
2025-01-14-OKC-PHI,2025-01-14,OKC,PHI,16.0,-16.0,-15.933910336146765,6.876904180116586,0.503833927980704,0.49616607201929597,0.010251377346365054,0.989748622653635,102,118,-16
2025-01-14-PHX-ATL,2025-01-14,PHX,ATL,2.5,-2.5,-2.1600346927596004,6.710352511487218,0.5202028936332017,0.4797971063667983,0.3737657948149058,0.6262342051850942,122,117,5
2025-01-14-NOP-CHI,2025-01-14,NOP,CHI,-1.5,1.5,1.7692156561780021,7.075119564905113,0.5151765062050465,0.4848234937949535,0.5987301408445432,0.40126985915545677,113,119,-6
2025-01-14-SAC-MIL,2025-01-14,SAC,MIL,-2.0,2.0,2.476621603789516,7.223861600681933,0.5263026416985621,0.4736973583014379,0.6341402139085011,0.36585978609149894,130,115,15
2025-01-14-DEN-DAL,2025-01-14,DEN,DAL,2.5,-2.5,-2.2112063135413678,6.989702668969067,0.5164784177560033,0.48352158224399666,0.3758676786479095,0.6241323213520905,99,118,-19
2025-01-14-BKN-POR,2025-01-14,BKN,POR,-3.5,3.5,3.099751042582124,6.497875942569342,0.4754419263560683,0.5245580736439317,0.6833334165452802,0.31666658345471976,114,132,-18
2025-01-15-NYK-PHI,2025-01-15,NYK,PHI,5.5,-5.5,-5.797618405710931,6.763488864875067,0.4824507348928264,0.5175492651071736,0.1956689887865226,0.8043310112134774,119,125,-6
2025-01-15-BOS-TOR,2025-01-15,BOS,TOR,14.0,-14.0,-14.102843708220464,6.613008163486775,0.493796008006242,0.506203991993758,0.016479133617289032,0.983520866382711,110,97,13
2025-01-15-ATL-CHI,2025-01-15,ATL,CHI,-6.0,6.0,6.002987074647051,7.457729394977565,0.5001597899677566,0.49984021003224344,0.7895713920723857,0.2104286079276143,94,110,-16
2025-01-15-ORL-MIL,2025-01-15,ORL,MIL,-6.5,6.5,5.126095433708693,7.065637454772565,0.4229122498371046,0.5770877501628954,0.7659262626023782,0.23407373739762183,122,93,29
2025-01-15-GSW-MIN,2025-01-15,GSW,MIN,-7.0,7.0,6.877099272690692,6.867876588469873,0.49286130449933596,0.507138695500664,0.8416694637835599,0.1583305362164401,115,116,-1
2025-01-15-DAL-NOP,2025-01-15,DAL,NOP,-1.0,1.0,0.27860059505973367,6.781751821582196,0.45764296629397416,0.5423570337060258,0.5163843067741041,0.4836156932258959,119,116,3
2025-01-15-MEM-SAS,2025-01-15,MEM,SAS,2.5,-2.5,-1.806593142730311,7.36379045153931,0.5375107152948293,0.4624892847051707,0.40309865230913233,0.5969013476908677,115,129,-14
2025-01-15-HOU-DEN,2025-01-15,HOU,DEN,5.5,-5.5,-5.56897285934909,7.312600836610977,0.4962372099305652,0.5037627900694348,0.2231617947065916,0.7768382052934084,108,128,-20
2025-01-15-CHA-UTA,2025-01-15,CHA,UTA,6.0,-6.0,-6.186471763388135,6.551264248045488,0.4886462484231925,0.5113537515768075,0.17250377970428254,0.8274962202957175,112,117,-5
2025-01-15-MIA-LAL,2025-01-15,MIA,LAL,-4.5,4.5,3.392447807416868,6.71132701521441,0.43446124624978577,0.5655387537502142,0.6933894546745916,0.30661054532540843,117,108,9
2025-01-15-BKN-LAC,2025-01-15,BKN,LAC,-15.5,15.5,15.310752200915852,6.861381324038864,0.48899793299743655,0.5110020670025635,0.9871739599401207,0.012826040059879307,126,67,59
2025-01-16-IND-DET,2025-01-16,IND,DET,1.5,-1.5,-0.8468398806127199,6.967656636137394,0.5373428359072718,0.46265716409272817,0.4516321846443706,0.5483678153556294,100,111,-11
2025-01-16-PHX-WAS,2025-01-16,PHX,WAS,11.5,-11.5,-11.341519942080575,6.183959413185066,0.5102228154281115,0.48977718457188846,0.03332533628197887,0.9666746637180211,123,130,-7
2025-01-16-CLE-OKC,2025-01-16,CLE,OKC,-2.5,2.5,3.361299316321831,7.961278666137327,0.543075945973933,0.45692405402606695,0.6635626548455694,0.3364373451544306,134,114,20
2025-01-16-LAC-POR,2025-01-16,LAC,POR,7.0,-7.0,-7.609467827751496,6.532950191739888,0.46283604674634227,0.5371639532536577,0.12205346728008304,0.877946532719917,89,118,-29
2025-01-16-HOU-SAC,2025-01-16,HOU,SAC,-5.0,5.0,5.638346036183466,7.119877761356996,0.5357200592357015,0.46427994076429846,0.7857952091546282,0.2142047908453718,132,127,5
2025-01-17-ORL-BOS,2025-01-17,ORL,BOS,-15.0,15.0,14.35073727729041,6.846783163450955,0.46222595697702473,0.5377740430229753,0.9819581256279465,0.018041874372053512,121,94,27
2025-01-17-MIN-NYK,2025-01-17,MIN,NYK,-3.0,3.0,2.72465256015863,7.094726716880967,0.4845208744174102,0.5154791255825898,0.6495252711709927,0.3504747288290073,99,116,-17
2025-01-17-DEN-MIA,2025-01-17,DEN,MIA,3.5,-3.5,-3.370920171355069,6.904739897741179,0.5074575440464477,0.4925424559535523,0.31270275095480393,0.6872972490451961,113,133,-20
2025-01-17-TOR-MIL,2025-01-17,TOR,MIL,-11.0,11.0,11.02818469518529,7.154246865124371,0.5015716591412843,0.4984283408587157,0.9384009524310089,0.06159904756899115,130,112,18
2025-01-17-UTA-NOP,2025-01-17,UTA,NOP,-12.0,12.0,12.03742901162768,7.239068102222622,0.5020626893560292,0.49793731064397084,0.9518280015430854,0.048171998456914555,136,123,13
2025-01-17-MEM-SAS,2025-01-17,MEM,SAS,-2.0,2.0,2.4616732305017672,7.320936599664848,0.5251414509401369,0.47485854905986313,0.6316592518262036,0.36834074817379636,112,140,-28
2025-01-17-OKC-DAL,2025-01-17,OKC,DAL,2.5,-2.5,-2.170799403371619,7.137385673145591,0.5183940580353232,0.48160594196467676,0.38050875300295084,0.6194912469970492,106,98,8
2025-01-17-CHA-CHI,2025-01-17,CHA,CHI,-4.5,4.5,4.030245949288473,7.1019521974684485,0.4736314487933171,0.5263685512066829,0.7148073846655443,0.2851926153344557,123,125,-2
2025-01-17-BKN-LAL,2025-01-17,BKN,LAL,-9.5,9.5,8.25224004156452,6.603826938775258,0.4250679691894863,0.5749320308105137,0.8942798574553559,0.10572014254464412,102,101,1
2025-01-18-PHX-DET,2025-01-18,PHX,DET,1.0,-1.0,-0.8943532154809338,7.061676159991476,0.5059681860248968,0.4940318139751032,0.4496091629073211,0.5503908370926789,121,125,-4
2025-01-18-ATL-BOS,2025-01-18,ATL,BOS,-9.5,9.5,9.111890535621432,7.50098294263923,0.4793674751083322,0.5206325248916678,0.8877710904067807,0.1122289095932193,115,119,-4
2025-01-18-PHI-IND,2025-01-18,PHI,IND,-10.5,10.5,9.837499247455549,7.578093961067992,0.4651675892446414,0.5348324107553586,0.9028820244549886,0.09711797554501145,115,102,13
2025-01-18-WAS-GSW,2025-01-18,WAS,GSW,-13.5,13.5,14.105983355350865,6.80618245767266,0.5354726549677018,0.4645273450322982,0.9808917467590172,0.019108253240982753,122,114,8
2025-01-18-CLE-MIN,2025-01-18,CLE,MIN,5.0,-5.0,-5.020418801742393,7.100556885772246,0.4988527784180583,0.5011472215819417,0.23976901348558466,0.7602309865144153,117,124,-7
2025-01-18-HOU-POR,2025-01-18,HOU,POR,10.5,-10.5,-10.11119577969027,6.41406390122492,0.5241680634009853,0.4758319365990147,0.057465649201023594,0.9425343507989764,103,125,-22
2025-01-19-SAS-MIA,2025-01-19,SAS,MIA,-3.5,3.5,3.038652501892484,6.847604057344956,0.47314215665556225,0.5268578433444377,0.6713898181908023,0.32861018180919765,128,107,21
2025-01-19-DEN-ORL,2025-01-19,DEN,ORL,7.0,-7.0,-6.429207868651488,6.6894657084773534,0.5339992919440925,0.46600070805590754,0.1682523586911202,0.8317476413088798,100,113,-13
2025-01-19-PHI-MIL,2025-01-19,PHI,MIL,-12.5,12.5,12.27064630844316,7.207593058639764,0.4873073514812698,0.5126926485187302,0.9556655111815826,0.044334488818417395,123,109,14
2025-01-19-BKN-OKC,2025-01-19,BKN,OKC,-16.5,16.5,16.1515466382232,7.330216017519536,0.4810427904116671,0.5189572095883329,0.9862174299827827,0.013782570017217277,127,101,26
2025-01-19-LAL-LAC,2025-01-19,LAL,LAC,-4.5,4.5,5.317053615406466,7.039035920748478,0.5462033094519951,0.45379669054800487,0.7749855180183305,0.2250144819816695,116,102,14
2025-01-19-CHI-POR,2025-01-19,CHI,POR,4.5,-4.5,-4.786367572916282,6.779913272728269,0.48315462630248696,0.516845373697513,0.24010558927390835,0.7598944107260917,113,102,11
2025-01-19-WAS-SAC,2025-01-19,WAS,SAC,-17.5,17.5,18.20210774190274,7.134234699385877,0.5391981745841992,0.46080182541580084,0.9946350590155616,0.005364940984438404,123,100,23
2025-01-20-DAL-CHA,2025-01-20,DAL,CHA,4.0,-4.0,-3.7435229377575556,6.786018940898384,0.5150744037645905,0.48492559623540954,0.29059329926133837,0.7094067007386616,110,105,5
2025-01-20-DET-HOU,2025-01-20,DET,HOU,-8.0,8.0,7.874560442993058,7.340584504880301,0.49318300778013135,0.5068169922198686,0.8583067730811023,0.14169322691889774,96,107,-11
2025-01-20-MIN-MEM,2025-01-20,MIN,MEM,-5.0,5.0,5.60360401973558,7.210925055130519,0.5333552555288756,0.46664474447112436,0.7814498740908545,0.21855012590914547,108,106,2
2025-01-20-ATL-NYK,2025-01-20,ATL,NYK,-7.5,7.5,7.591366085619397,6.9851981726628765,0.5052179987363312,0.4947820012636688,0.8614327356963943,0.13856726430360566,119,110,9
2025-01-20-PHX-CLE,2025-01-20,PHX,CLE,-8.0,8.0,7.77963485880079,7.219697718393391,0.4878250687552085,0.5121749312447915,0.859384220198282,0.14061577980171802,118,92,26
2025-01-20-BOS-GSW,2025-01-20,BOS,GSW,9.0,-9.0,-8.610260646930524,6.745597845256816,0.5230368083362678,0.47696319166373224,0.10090237583171424,0.8990976241682858,85,125,-40
2025-01-20-UTA-NOP,2025-01-20,UTA,NOP,-11.0,11.0,11.3887939962665,7.310619534392633,0.5212065856137087,0.4787934143862913,0.9403647087463319,0.059635291253668066,123,119,4
2025-01-21-NYK-BKN,2025-01-21,NYK,BKN,11.5,-11.5,-10.7613008371158,6.083770855531356,0.5483213133984499,0.4516786866015501,0.03845914282684304,0.961540857173157,95,99,-4
2025-01-21-POR-MIA,2025-01-21,POR,MIA,-9.0,9.0,8.732557973099318,6.899219535266081,0.4845392342043662,0.5154607657956338,0.8971953472564989,0.10280465274350115,107,116,-9
2025-01-21-ORL-TOR,2025-01-21,ORL,TOR,1.0,-1.0,-1.6640651479921498,6.118119314054864,0.45678338599642365,0.5432166140035763,0.39281498770457646,0.6071850122954235,109,93,16
2025-01-21-PHI-DEN,2025-01-21,PHI,DEN,-12.0,12.0,11.332989910345622,7.194142345832528,0.4630647039004363,0.5369352960995637,0.9424073145677545,0.057592685432245494,144,109,35
2025-01-21-WAS-LAL,2025-01-21,WAS,LAL,-13.5,13.5,12.738150288519064,6.745746911369763,0.45503994009618387,0.5449600599038161,0.970508711652372,0.029491288347628042,111,88,23
2025-01-20-CHI-LAC,2025-01-20,CHI,LAC,-6.5,6.5,6.733949965553072,7.436972085249516,0.5125477332091837,0.4874522667908163,0.8173915936325212,0.18260840636747877,99,112,-13
2025-01-22-DET-ATL,2025-01-22,DET,ATL,-4.0,4.0,4.259355507806402,7.190191900149082,0.5143870214536781,0.4856129785463219,0.7232033014634809,0.2767966985365191,104,114,-10
2025-01-22-PHX-BKN,2025-01-22,PHX,BKN,13.0,-13.0,-13.364587220172114,6.314462063845163,0.47697848506550733,0.5230215149344927,0.01715096247359449,0.9828490375264055,84,108,-24
2025-01-22-MIN-DAL,2025-01-22,MIN,DAL,3.5,-3.5,-3.4441210087129877,6.8978900391524185,0.5032317488775504,0.4967682511224496,0.30878379718818993,0.6912162028118101,114,115,-1
2025-01-22-CLE-HOU,2025-01-22,CLE,HOU,1.0,-1.0,-0.4439366509773853,7.372487157296635,0.5300613651804029,0.4699386348195971,0.47599207333965565,0.5240079266603443,109,108,1
2025-01-22-CHA-MEM,2025-01-22,CHA,MEM,-11.5,11.5,11.032406994135274,7.352019696513756,0.4746441193028894,0.5253558806971106,0.9332698800780806,0.06673011992191935,132,120,12
2025-04-06-MIL-NOP,2025-04-06,MIL,NOP,6.5,-6.5,-7.090447856666092,6.309848406967467,0.46272314608087095,0.537276853919129,0.13056776386612035,0.8694322361338797,107,111,-4
2025-01-22-UTA-OKC,2025-01-22,UTA,OKC,-16.0,16.0,16.447395926428396,7.641492998692166,0.5233440287331612,0.4766559712668388,0.9843162772142894,0.01568372278571062,123,114,9
2025-01-22-GSW-SAC,2025-01-22,GSW,SAC,-7.5,7.5,8.418195060641445,7.336059270803398,0.5498023072702491,0.45019769272975085,0.874414370978373,0.12558562902162695,123,117,6
2025-01-22-BOS-LAC,2025-01-22,BOS,LAC,12.0,-12.0,-11.257918624608955,7.016304817202762,0.5421157037556367,0.45788429624436333,0.05429790006348445,0.9457020999365156,113,117,-4
2025-01-23-POR-ORL,2025-01-23,POR,ORL,-7.0,7.0,7.356864243483927,6.704259762417484,0.5212254653323469,0.4787745346676531,0.863753990055411,0.13624600994458902,79,101,-22
2025-01-23-TOR-ATL,2025-01-23,TOR,ATL,-5.0,5.0,4.784141545811134,6.962292467847058,0.4876332012650624,0.5123667987349376,0.7540059986349851,0.24599400136501492,119,122,-3
2025-01-23-MIA-MIL,2025-01-23,MIA,MIL,-6.0,6.0,6.141379999155212,7.202121744296576,0.5078308641581883,0.49216913584181166,0.8030921910217377,0.19690780897826232,125,96,29
2025-01-23-DAL-OKC,2025-01-23,DAL,OKC,-11.5,11.5,10.977192690974748,7.479440650258042,0.4721369241294967,0.5278630758705033,0.9289001883203686,0.07109981167963142,115,121,-6
2025-01-23-SAC-DEN,2025-01-23,SAC,DEN,-7.5,7.5,7.59115323734754,7.552989957412785,0.504814516879885,0.495185483120115,0.8425642719984803,0.15743572800151973,132,123,9
2025-03-19-WAS-UTA,2025-03-19,WAS,UTA,-2.5,2.5,2.5092724425910466,6.919653669281478,0.5005345886458916,0.4994654113541084,0.6415592669686905,0.3584407330313095,128,112,16
2025-01-23-CHI-GSW,2025-01-23,CHI,GSW,-4.0,4.0,3.474359565208844,6.95053893094607,0.46985838385829926,0.5301416161417007,0.6914163706297536,0.3085836293702464,131,106,25
2025-01-23-BOS-LAL,2025-01-23,BOS,LAL,6.5,-6.5,-6.543041740055355,6.711473564795401,0.49744153768010413,0.5025584623198959,0.16480396617720872,0.8351960338227913,117,96,21
2025-01-24-POR-CHA,2025-01-24,POR,CHA,1.5,-1.5,-0.9050381197630327,6.713607299360141,0.53530816200093,0.46469183799907,0.4463824204489705,0.5536175795510295,97,102,-5
2025-01-24-CLE-PHI,2025-01-24,CLE,PHI,9.0,-9.0,-8.169296609536856,6.595951644152103,0.5501108448131369,0.4498891551868631,0.10775944822535521,0.8922405517746448,132,129,3
2025-01-24-NOP-MEM,2025-01-24,NOP,MEM,-9.5,9.5,9.203142756301029,7.556672482073147,0.4843319328265904,0.5156680671734096,0.8883657764279995,0.11163422357200048,139,126,13
2025-01-25-DEN-MIN,2025-01-25,DEN,MIN,3.5,-3.5,-2.715276738615712,7.0555881459562135,0.544279095862569,0.45572090413743105,0.3501777603999301,0.6498222396000699,133,104,29
2025-01-25-BOS-DAL,2025-01-25,BOS,DAL,9.0,-9.0,-9.017544449018791,6.739199467097523,0.4989614175054412,0.5010385824945588,0.09043623356469699,0.909563766435303,107,122,-15
2025-01-25-MIA-BKN,2025-01-25,MIA,BKN,7.0,-7.0,-6.411482299755062,6.2403310421942315,0.537568042665939,0.46243195733406095,0.15210980840268684,0.8478901915973132,97,106,-9
2025-01-25-NOP-CHA,2025-01-25,NOP,CHA,1.5,-1.5,-1.4374004051214824,6.984327577503355,0.5035756184818585,0.4964243815181415,0.4184721283713352,0.5815278716286648,123,92,31
2025-01-25-DET-ORL,2025-01-25,DET,ORL,-3.5,3.5,3.6311657788783775,6.956641475710007,0.5075215137735084,0.4924784862264916,0.6991547724608703,0.3008452275391297,121,113,8
2025-01-25-TOR-ATL,2025-01-25,TOR,ATL,-5.5,5.5,5.657669268422531,6.8805041490498136,0.509141108200482,0.490858891799518,0.794539911537901,0.20546008846209896,94,117,-23
2025-01-25-HOU-CLE,2025-01-25,HOU,CLE,-4.5,4.5,4.284232962026197,7.193739548527414,0.48803602925317646,0.5119639707468235,0.7242621201144068,0.2757378798855932,131,135,-4
2025-01-25-SAC-NYK,2025-01-25,SAC,NYK,-5.0,5.0,5.414153894878358,7.108252196027101,0.523230755233519,0.47676924476648097,0.7768719882345692,0.22312801176543084,143,120,23
2025-01-25-PHI-CHI,2025-01-25,PHI,CHI,-3.5,3.5,3.8166822376568272,6.694818387884056,0.5188639673684918,0.48113603263150817,0.7156933541681584,0.2843066458318416,97,109,-12
2025-01-25-UTA-MEM,2025-01-25,UTA,MEM,-11.0,11.0,10.149936292022089,7.629194458575234,0.45564067036102496,0.544359329638975,0.9083079509481654,0.09169204905183459,125,103,22
2025-01-25-LAL-GSW,2025-01-25,LAL,GSW,1.0,-1.0,-1.1762455526692248,6.529301860307717,0.4892326520255419,0.5107673479744581,0.4285178967750005,0.5714821032249995,108,118,-10
2025-01-25-WAS-PHX,2025-01-25,WAS,PHX,-14.0,14.0,13.669353595784951,6.847221377216788,0.4807429063405386,0.5192570936594614,0.9770513115360622,0.022948688463937827,119,109,10
2025-01-25-MIL-LAC,2025-01-25,MIL,LAC,-3.5,3.5,3.666881262382381,7.698626976256371,0.5086470974806805,0.4913529025193195,0.6830708346866063,0.31692916531339366,127,117,10
2025-01-26-OKC-POR,2025-01-26,OKC,POR,14.0,-14.0,-13.38895057755896,7.026773467001948,0.5346484144760142,0.4653515855239858,0.028362786832314968,0.971637213167685,108,118,-10
2025-01-27-LAL-CHA,2025-01-27,LAL,CHA,5.0,-5.0,-4.819841227435399,6.757309580812875,0.5106350666269304,0.48936493337306963,0.23783682998298028,0.7621631700170197,107,112,-5
2025-01-27-DET-CLE,2025-01-27,DET,CLE,-11.0,11.0,10.56083190803911,7.1584441428342895,0.4755403723882974,0.5244596276117026,0.9299336575623008,0.07006634243769916,110,91,19
2025-01-27-HOU-BOS,2025-01-27,HOU,BOS,-5.5,5.5,6.278677834137521,7.232126806718492,0.5428709777352174,0.4571290222647826,0.8073479361128413,0.19265206388715872,112,114,-2
2025-01-27-SAC-BKN,2025-01-27,SAC,BKN,12.0,-12.0,-11.317406266759052,6.4519708426975795,0.5421279578256065,0.4578720421743935,0.03970663092903792,0.9602933690709621,96,110,-14
2025-01-27-ORL-MIA,2025-01-27,ORL,MIA,1.0,-1.0,-1.858483730388542,6.41253593380253,0.44675037168337395,0.553249628316626,0.3859768201447392,0.6140231798552608,125,119,6
2025-01-27-MEM-NYK,2025-01-27,MEM,NYK,-3.5,3.5,3.8225763262166055,7.379526589757504,0.5174331459862702,0.4825668540137298,0.6977699932707307,0.30223000672926925,143,106,37
2025-01-27-NOP-TOR,2025-01-27,NOP,TOR,-1.0,1.0,0.6600823036801661,6.894919154170229,0.4803402148209205,0.5196597851790795,0.5381343185069827,0.4618656814930173,113,104,9
2025-01-27-DEN-CHI,2025-01-27,DEN,CHI,9.5,-9.5,-9.061910761515053,6.954693318246522,0.5251135166547058,0.47488648334529415,0.09628872171891723,0.9037112782810828,129,121,8
2025-01-27-ATL-MIN,2025-01-27,ATL,MIN,-10.5,10.5,10.173132427883976,7.219277518650442,0.4819432410024528,0.5180567589975472,0.9206063824140158,0.07939361758598418,100,92,8
2025-01-27-WAS-DAL,2025-01-27,WAS,DAL,-13.0,13.0,12.303586389592533,6.844129642290102,0.4594761988434174,0.5405238011565826,0.9638864975960906,0.036113502403909425,130,108,22
2025-01-27-MIL-UTA,2025-01-27,MIL,UTA,8.5,-8.5,-8.5039442100239,6.807177252194698,0.4997688451475589,0.5002311548524411,0.10578472912535641,0.8942152708746436,110,125,-15
2025-01-27-LAC-PHX,2025-01-27,LAC,PHX,1.0,-1.0,-1.9043101146887844,7.03292065897818,0.4488440299978431,0.5511559700021569,0.39328362899709135,0.6067163710029086,111,109,2
2025-01-28-LAL-PHI,2025-01-28,LAL,PHI,4.5,-4.5,-4.402722447877339,6.24122318885909,0.5062177807242658,0.4937822192757342,0.24027251750752676,0.7597274824924732,118,104,14
2025-01-28-UTA-GSW,2025-01-28,UTA,GSW,-10.5,10.5,11.199980715979175,6.6259605444057295,0.5420668594026806,0.4579331405973194,0.9545164382794905,0.04548356172050949,114,103,11
2025-01-28-MIL-POR,2025-01-28,MIL,POR,5.5,-5.5,-5.368483577340258,6.744643590596316,0.5077786373934132,0.4922213626065868,0.21302690726670948,0.7869730927332905,125,112,13
2025-01-29-BKN-CHA,2025-01-29,BKN,CHA,-1.5,1.5,1.1854541251596378,6.534365313892554,0.4808034603027318,0.5191965396972682,0.5719804127966204,0.4280195872033796,83,104,-21
2025-01-29-DET-IND,2025-01-29,DET,IND,-5.5,5.5,5.778963921233063,7.365738999672074,0.5151055994768279,0.4848944005231721,0.7836481755321715,0.21635182446782852,133,119,14
2025-01-29-TOR-WAS,2025-01-29,TOR,WAS,5.5,-5.5,-5.55597657380859,6.444117469695932,0.4965346470982732,0.5034653529017268,0.1942947758485365,0.8057052241514635,82,106,-24
2025-01-29-CHI-BOS,2025-01-29,CHI,BOS,-14.5,14.5,14.649661599892603,7.272859899742207,0.508208892675778,0.49179110732422204,0.9780105434992697,0.021989456500730253,122,100,22
2025-01-29-CLE-MIA,2025-01-29,CLE,MIA,6.0,-6.0,-5.509326237871238,6.943180770787326,0.5281697540068596,0.4718302459931404,0.21374696294697093,0.7862530370530291,106,126,-20
2025-01-29-DEN-NYK,2025-01-29,DEN,NYK,-3.0,3.0,3.158283191407025,7.296277125298273,0.5086538523253623,0.4913461476746377,0.66744258972268,0.33255741027732,122,112,10
2025-01-29-SAC-PHI,2025-01-29,SAC,PHI,8.0,-8.0,-8.535502787530413,6.660528271974407,0.46795978349146694,0.5320402165085331,0.100008106428078,0.899991893571922,117,104,13
2025-01-29-DAL-NOP,2025-01-29,DAL,NOP,1.0,-1.0,-1.4795208457547386,6.822997414949363,0.4719853661512876,0.5280146338487124,0.4141652576228184,0.5858347423771816,136,137,-1
2025-01-29-LAC-SAS,2025-01-29,LAC,SAS,4.0,-4.0,-4.150115345859014,6.695004271022384,0.49105566802727707,0.5089443319727229,0.2676676054227358,0.7323323945772642,116,128,-12
2025-01-29-MIN-PHX,2025-01-29,MIN,PHX,-1.0,1.0,0.6509544454634132,7.080420616483686,0.48034118923794566,0.5196588107620543,0.5366260547546672,0.4633739452453328,113,121,-8
2025-01-29-OKC-GSW,2025-01-29,OKC,GSW,9.0,-9.0,-9.015812665419105,7.016416740195815,0.4991009177910767,0.5008990822089233,0.09940318564642414,0.9005968143535759,116,109,7
2025-01-30-LAL-WAS,2025-01-30,LAL,WAS,8.5,-8.5,-9.08810492465055,6.388033957548824,0.4633237840425267,0.5366762159574733,0.07741499772957139,0.9225850022704286,96,134,-38
2025-01-30-ATL-CLE,2025-01-30,ATL,CLE,-11.5,11.5,10.45297787614779,7.255329737041079,0.4426275423338981,0.5573724576661019,0.9251696417695535,0.07483035823044648,137,115,22
2025-01-30-HOU-MEM,2025-01-30,HOU,MEM,-4.0,4.0,4.497841772290522,7.153794281153717,0.5277405151393768,0.4722594848606232,0.7352387621662175,0.26476123783378247,120,119,1
2025-01-30-MIN-UTA,2025-01-30,MIN,UTA,5.5,-5.5,-5.104074085431493,6.624834845746588,0.5238281579405796,0.4761718420594204,0.22051784095456073,0.7794821590454393,113,138,-25
2025-01-30-ORL-POR,2025-01-30,ORL,POR,5.0,-5.0,-5.900133529003073,6.284984697207591,0.44305834182378623,0.5569416581762138,0.17392530300960551,0.8260746969903945,119,90,29
2025-01-31-LAC-CHA,2025-01-31,LAC,CHA,13.5,-13.5,-13.244143873397501,6.805410608549691,0.5149950960872605,0.48500490391273954,0.02582017940104675,0.9741798205989532,104,112,-8
2025-01-31-DAL-DET,2025-01-31,DAL,DET,1.0,-1.0,-1.173386137670791,6.984543925529729,0.4900975699813328,0.5099024300186672,0.4332926105554483,0.5667073894445517,117,102,15
2025-01-31-DEN-PHI,2025-01-31,DEN,PHI,9.5,-9.5,-9.358250196755556,6.636101063799023,0.5085209205207821,0.4914790794792179,0.07923986248669479,0.9207601375133052,134,137,-3
2025-01-31-CHI-TOR,2025-01-31,CHI,TOR,-4.5,4.5,4.535591112187031,7.216865208744122,0.5019674389768973,0.49803256102310267,0.7351523087941992,0.26484769120580076,106,122,-16
2025-01-31-BOS-NOP,2025-01-31,BOS,NOP,12.0,-12.0,-11.858197704742732,6.889822865721661,0.5082102165085441,0.49178978349145586,0.04261471268044548,0.9573852873195545,116,118,-2
2025-01-31-MIL-SAS,2025-01-31,MIL,SAS,2.5,-2.5,-3.2375131494222735,6.854624706609129,0.4571590716745001,0.5428409283254999,0.31835248807701677,0.6816475119229832,144,118,26
2025-01-31-PHX-GSW,2025-01-31,PHX,GSW,3.0,-3.0,-2.918719080379364,6.755556662043648,0.5047998432569536,0.4952001567430464,0.33285356824850765,0.6671464317514924,105,130,-25
2025-02-01-ATL-IND,2025-02-01,ATL,IND,-9.5,9.5,9.448469753604293,7.403824060911162,0.49722340403183307,0.5027765959681669,0.8990506519667878,0.1009493480332122,132,127,5
2025-02-01-ORL-UTA,2025-02-01,ORL,UTA,4.0,-4.0,-5.136603292484619,5.9642016000324904,0.4244308936857667,0.5755691063142333,0.1945531997073563,0.8054468002926437,113,99,14
2025-02-01-DEN-CHA,2025-02-01,DEN,CHA,12.5,-12.5,-11.835502407885503,6.745109746556012,0.539238501973,0.46076149802699995,0.0396571152317553,0.9603428847682447,104,107,-3
2025-02-01-BKN-HOU,2025-02-01,BKN,HOU,-13.0,13.0,12.025918669458415,6.965284203396662,0.4443900286519644,0.5556099713480356,0.9578758371358587,0.042124162864141335,98,110,-12
2025-02-01-WAS-MIN,2025-02-01,WAS,MIN,-12.0,12.0,11.069877162634057,6.863601109030862,0.44610224135240806,0.5538977586475919,0.9466101535703066,0.053389846429693355,103,105,-2
2025-02-01-SAC-OKC,2025-02-01,SAC,OKC,-7.0,7.0,7.7565796606304955,7.5801249559085635,0.5397528025166318,0.4602471974833682,0.8469119307693975,0.15308806923060247,144,110,34
2025-02-01-LAL-NYK,2025-02-01,LAL,NYK,-11.0,11.0,10.870854464259972,7.247344635653406,0.49289134289312486,0.5071086571068751,0.9331898948307401,0.06681010516925989,112,128,-16
2025-02-01-MIA-SAS,2025-02-01,MIA,SAS,3.0,-3.0,-4.083433621214866,6.824421878768257,0.4369296516089748,0.5630703483910252,0.2748012166726217,0.7251987833273783,103,105,-2
2025-02-01-PHX-POR,2025-02-01,PHX,POR,4.5,-4.5,-4.195106043713647,6.866771548915507,0.5177077589211136,0.48229224107888635,0.27062347728207437,0.7293765227179256,127,108,19
2025-02-02-CHI-DET,2025-02-02,CHI,DET,-6.0,6.0,5.973720528288242,7.163922191029345,0.4985365601998488,0.5014634398001512,0.7978205466086915,0.2021794533913085,127,119,8
2025-02-02-DAL-CLE,2025-02-02,DAL,CLE,-15.5,15.5,15.64146038359687,7.245790968075344,0.5077880998018236,0.4922119001981764,0.9845631225041478,0.015436877495852208,144,101,43
2025-02-02-LAC-TOR,2025-02-02,LAC,TOR,5.0,-5.0,-4.878300161260168,7.324871976067006,0.5066279626077286,0.4933720373922714,0.2527083676585582,0.7472916323414418,115,108,7
2025-02-02-BOS-PHI,2025-02-02,BOS,PHI,12.5,-12.5,-12.837341626734704,6.608595146011319,0.47964447627529927,0.5203555237247007,0.02603696811294176,0.9739630318870582,110,118,-8
2025-02-02-MEM-MIL,2025-02-02,MEM,MIL,-4.0,4.0,4.3012854909047595,7.548630632362731,0.515918597960651,0.484081402039349,0.7155967259889835,0.2844032740110165,119,132,-13
2025-02-03-WAS-CHA,2025-02-03,WAS,CHA,-4.5,4.5,3.9498975926609554,6.660199472865292,0.46708659562848465,0.5329134043715154,0.7234294852392724,0.2765705147607276,114,124,-10
2025-02-03-ATL-DET,2025-02-03,ATL,DET,-4.5,4.5,3.5036842773732753,7.226892568162383,0.4451746399185479,0.5548253600814521,0.6860951469918792,0.31390485300812077,130,132,-2
2025-02-03-HOU-NYK,2025-02-03,HOU,NYK,-7.0,7.0,6.886892232663755,7.237094300891271,0.4937652278898189,0.5062347721101811,0.8293526283680718,0.17064737163192822,124,118,6
2025-02-03-SAS-MEM,2025-02-03,SAS,MEM,-3.5,3.5,3.1355061087950467,7.259811399084788,0.4799786870460573,0.5200213129539427,0.6670926305097425,0.33290736949025745,128,109,19
2025-02-03-SAC-MIN,2025-02-03,SAC,MIN,-5.0,5.0,5.072076026722201,7.088555514933604,0.5040563523755548,0.4959436476244452,0.7628592776329257,0.23714072236707429,114,116,-2
2025-02-03-MIL-OKC,2025-02-03,MIL,OKC,-17.5,17.5,17.660404658272032,7.7626321772969655,0.5082430347080555,0.49175696529194446,0.9885486441350883,0.01145135586491175,125,96,29
2025-02-03-NOP-DEN,2025-02-03,NOP,DEN,-9.0,9.0,7.740966410619666,7.196032502584158,0.4305546725400077,0.5694453274599923,0.8589753143520187,0.14102468564798132,125,113,12
2025-02-03-IND-UTA,2025-02-03,IND,UTA,6.5,-6.5,-6.635947456335593,6.707225241900159,0.49191446939773875,0.5080855306022612,0.16124034357110006,0.8387596564288999,111,112,-1
2025-02-03-ORL-GSW,2025-02-03,ORL,GSW,-3.5,3.5,3.0023751202732165,6.143041551947339,0.4677184832624621,0.5322815167375379,0.6874885497924365,0.31251145020756355,104,99,5
2025-02-03-PHX-POR,2025-02-03,PHX,POR,5.0,-5.0,-4.801901584318258,7.016868352548249,0.5112613394997608,0.4887386605002392,0.24688124140118906,0.753118758598811,121,119,2
2025-02-04-BOS-CLE,2025-02-04,BOS,CLE,-1.5,1.5,1.4864957312165306,7.4204388306705145,0.49927397544366814,0.5007260245563319,0.5793866003956303,0.4206133996043697,105,112,-7
2025-02-04-HOU-BKN,2025-02-04,HOU,BKN,9.0,-9.0,-7.622451278218026,6.24580969417732,0.5872807881509587,0.41271921184904126,0.11115466322108825,0.8888453367789118,99,97,2
2025-02-04-DAL-PHI,2025-02-04,DAL,PHI,-4.0,4.0,3.3072861668885354,6.760329017941623,0.4591928147372437,0.5408071852627563,0.687656919750924,0.312343080249076,118,116,2
2025-02-04-NYK-TOR,2025-02-04,NYK,TOR,5.5,-5.5,-4.548486596907403,7.102450734079242,0.5532867444805948,0.4467132555194052,0.26095276152325475,0.7390472384767452,115,121,-6
2025-02-04-MIA-CHI,2025-02-04,MIA,CHI,4.0,-4.0,-4.1183240636228025,6.7618800959172205,0.49301938777764354,0.5069806122223565,0.2712456002905117,0.7287543997094883,133,124,9
2025-02-04-LAL-LAC,2025-02-04,LAL,LAC,-8.5,8.5,7.762443312122958,7.536151915022947,0.46101810351257144,0.5389818964874286,0.8485014391500545,0.1514985608499455,97,122,-25
2025-02-04-IND-POR,2025-02-04,IND,POR,5.5,-5.5,-5.64896221991797,7.0991847817344595,0.49162960692226043,0.5083703930777396,0.21309744455264323,0.7869025554473568,112,89,23
2025-02-05-MIL-CHA,2025-02-05,MIL,CHA,10.5,-10.5,-10.477378243601398,6.749650390129803,0.5013370704654432,0.4986629295345568,0.06029707253585603,0.939702927464144,102,112,-10
2025-02-05-CLE-DET,2025-02-05,CLE,DET,3.5,-3.5,-2.571075568795683,7.325731002559574,0.5504518265653143,0.44954817343468567,0.3628072832487146,0.6371927167512854,115,118,-3
2025-02-05-SAS-ATL,2025-02-05,SAS,ATL,4.5,-4.5,-3.6927927721173175,6.859628478579566,0.5468374376803388,0.45316256231966123,0.2951721577503206,0.7048278422496794,125,126,-1
2025-02-05-WAS-BKN,2025-02-05,WAS,BKN,-5.5,5.5,4.616160948930904,6.514961574217211,0.4460438604588557,0.5539561395411443,0.7606973949860814,0.23930260501391865,102,119,-17
2025-02-05-MIA-PHI,2025-02-05,MIA,PHI,-2.0,2.0,1.1391771568111382,6.692524718671525,0.4488273778954678,0.5511726221045322,0.5675800046250176,0.43241999537498244,101,108,-7
2025-02-05-MEM-TOR,2025-02-05,MEM,TOR,10.5,-10.5,-9.911533920973987,7.449945369098691,0.5314794389169135,0.4685205610830865,0.09169045927927089,0.9083095407207291,107,138,-31
2025-02-05-CHI-MIN,2025-02-05,CHI,MIN,-11.5,11.5,11.650925423818645,7.306287129388862,0.5082403346458344,0.4917596653541656,0.9446040432051794,0.05539595679482057,127,108,19
2025-02-05-PHX-OKC,2025-02-05,PHX,OKC,-13.0,13.0,13.028700963709287,7.670881723013557,0.501492657768722,0.498507342231278,0.9552896987194451,0.044710301280554865,140,109,31
2025-02-05-GSW-UTA,2025-02-05,GSW,UTA,6.5,-6.5,-6.444830968126861,6.572629033752292,0.5033485840793075,0.4966514159206925,0.1634058656339954,0.8365941343660046,131,128,3
2025-02-05-NOP-DEN,2025-02-05,NOP,DEN,-11.0,11.0,10.117208854531581,7.199415835432525,0.4512040754582317,0.5487959245417683,0.9200312676540605,0.07996873234593949,144,119,25
2025-02-05-ORL-SAC,2025-02-05,ORL,SAC,-4.0,4.0,2.7224907684551725,6.406568257351696,0.42097251767792476,0.5790274823220752,0.6645645522660609,0.3354354477339391,111,130,-19
2025-02-06-DAL-BOS,2025-02-06,DAL,BOS,-12.5,12.5,12.633894062494468,7.2900236861067675,0.5073268622807218,0.49267313771927823,0.9584556156046862,0.04154438439531383,120,127,-7
2025-02-06-HOU-MIN,2025-02-06,HOU,MIN,-1.0,1.0,0.6287863447043011,7.067777068363654,0.4790563904644062,0.5209436095355938,0.5354452247130466,0.46455477528695344,127,114,13
2025-02-06-ORL-DEN,2025-02-06,ORL,DEN,-5.5,5.5,3.7952942773361418,6.574353946262166,0.39770331291428607,0.6022966870857139,0.7181274706116447,0.2818725293883553,112,90,22
2025-02-06-GSW-LAL,2025-02-06,GSW,LAL,-5.0,5.0,5.111990795447224,7.232307729401252,0.5061772921711465,0.4938227078288535,0.7601630213026326,0.23983697869736742,120,112,8
2025-02-06-SAC-POR,2025-02-06,SAC,POR,1.5,-1.5,-0.7950636643954102,6.9643485649906,0.5403123731888784,0.45968762681112163,0.45455470413469035,0.5454452958653097,108,102,6
2025-02-06-IND-LAC,2025-02-06,IND,LAC,-5.5,5.5,5.140097134753481,7.141325281424745,0.479902930089147,0.520097069910853,0.7641660626735811,0.23583393732641889,112,119,-7
2025-02-07-SAS-CHA,2025-02-07,SAS,CHA,10.0,-10.0,-9.31707563919454,6.6794016222810955,0.5407182379480513,0.4592817620519487,0.0815234881147231,0.9184765118852769,117,116,1
2025-02-07-CLE-WAS,2025-02-07,CLE,WAS,17.5,-17.5,-16.444381009812073,6.817055864851695,0.5615300918257065,0.43846990817429354,0.007927400864991219,0.9920725991350088,124,134,-10
2025-02-07-MIL-ATL,2025-02-07,MIL,ATL,2.5,-2.5,-2.2679289288797144,6.898404083868704,0.5134183937236289,0.48658160627637115,0.3711680235445771,0.6288319764554229,115,110,5
2025-02-07-MIA-BKN,2025-02-07,MIA,BKN,5.0,-5.0,-4.661201826645361,6.503695778511712,0.5207727751023654,0.4792272248976346,0.23677946765614488,0.7632205323438551,102,86,16
2025-02-07-PHI-DET,2025-02-07,PHI,DET,5.5,-5.5,-5.022632370295562,6.937533249117043,0.5274293395675047,0.4725706604324953,0.23453913744188692,0.7654608625581131,125,112,13
2025-02-07-TOR-OKC,2025-02-07,TOR,OKC,-19.0,19.0,18.736941702331983,7.587512200649161,0.48617148096335683,0.5138285190366432,0.9932338531517868,0.006766146848213195,121,109,12
2025-02-07-UTA-PHX,2025-02-07,UTA,PHX,-7.5,7.5,6.953339952905894,6.889016802517153,0.46837616250337955,0.5316238374966205,0.843593493360606,0.15640650663939404,135,127,8
2025-02-08-HOU-DAL,2025-02-08,HOU,DAL,-3.0,3.0,2.4873081173544893,6.661288168206164,0.46932534550281557,0.5306746544971844,0.6455736771283039,0.35442632287169606,116,105,11
2025-02-08-IND-LAL,2025-02-08,IND,LAL,4.5,-4.5,-4.523389842638101,7.233480424716772,0.4987100012232757,0.5012899987767243,0.2658737305966945,0.7341262694033055,124,117,7
2025-02-08-SAS-ORL,2025-02-08,SAS,ORL,-3.0,3.0,3.860584567855901,6.702983620623595,0.551079148965282,0.448920851034718,0.7176755690023602,0.2823244309976398,112,111,1
2025-02-08-ATL-WAS,2025-02-08,ATL,WAS,7.0,-7.0,-7.412274942009489,6.59580288095007,0.4750800816071178,0.5249199183928822,0.13055178220080732,0.8694482177991927,111,125,-14
2025-02-08-GSW-CHI,2025-02-08,GSW,CHI,6.5,-6.5,-5.854828053232924,6.650256700694487,0.5386425971875383,0.46135740281246174,0.18932368757009932,0.8106763124299007,111,132,-21
2025-02-08-OKC-MEM,2025-02-08,OKC,MEM,1.5,-1.5,-0.3203208023044528,7.327327253635532,0.5639521984425055,0.43604780155749445,0.48256542721668805,0.517434572783312,112,125,-13
2025-02-08-POR-MIN,2025-02-08,POR,MIN,-4.0,4.0,3.691108180866106,7.300312544906883,0.48312493530783984,0.5168750646921602,0.693434633133384,0.30656536686661595,114,98,16
2025-02-08-BOS-NYK,2025-02-08,BOS,NYK,3.0,-3.0,-2.5841725346025166,7.188700265631552,0.5230637925759898,0.4769362074240102,0.35961913370826715,0.6403808662917329,104,131,-27
2025-02-08-DEN-PHX,2025-02-08,DEN,PHX,6.5,-6.5,-6.502207081600966,6.891666878109257,0.49987223727329777,0.5001277627267022,0.17271559796613134,0.8272844020338687,105,122,-17
2025-02-08-NOP-SAC,2025-02-08,NOP,SAC,-8.0,8.0,7.335320766332821,7.052275374336013,0.46245515524026015,0.5375448447597398,0.850861483966607,0.149138516033393,123,118,5
2025-02-08-UTA-LAC,2025-02-08,UTA,LAC,-18.0,18.0,17.88310709814295,7.038402232767408,0.493374721190758,0.506625278809242,0.9944698950262251,0.00553010497377493,130,110,20
2025-02-09-CHA-DET,2025-02-09,CHA,DET,-12.0,12.0,11.644162170496012,7.103968897819489,0.4800253327526166,0.5199746672473834,0.9494044676256773,0.05059553237432268,112,102,10
2025-02-09-TOR-HOU,2025-02-09,TOR,HOU,-8.0,8.0,6.923973911031485,6.9768959435220985,0.4387153567325105,0.5612846432674895,0.8395023580719889,0.16049764192801108,94,87,7
2025-02-09-PHI-MIL,2025-02-09,PHI,MIL,3.5,-3.5,-3.4226232555363274,6.77119032552899,0.5045587528313907,0.49544124716860927,0.30661491712428324,0.6933850828757168,135,127,8
2025-02-10-MIN-CLE,2025-02-10,MIN,CLE,-7.5,7.5,7.931797425678134,7.496061783268514,0.5229676645156862,0.4770323354843138,0.855001593411082,0.14499840658891805,128,107,21
2025-02-10-ATL-ORL,2025-02-10,ATL,ORL,-6.5,6.5,6.210094179086835,6.980326758613301,0.4834359546576966,0.5165640453423034,0.8131748634371052,0.1868251365628948,106,112,-6
2025-02-10-SAS-WAS,2025-02-10,SAS,WAS,11.5,-11.5,-10.834329427313389,6.531201028232003,0.5405905544646616,0.45940944553533836,0.048572291972619586,0.9514277080273804,121,131,-10
2025-02-10-CHA-BKN,2025-02-10,CHA,BKN,-5.0,5.0,5.665574967026529,6.417569826502579,0.541300798829331,0.458699201170669,0.8113339061119558,0.18866609388804423,97,89,8
2025-02-10-BOS-MIA,2025-02-10,BOS,MIA,8.5,-8.5,-7.811902333827508,6.701142327304653,0.5408929696113304,0.4591070303886696,0.12185639104541068,0.8781436089545893,85,103,-18
2025-02-10-GSW-MIL,2025-02-10,GSW,MIL,7.5,-7.5,-7.97623457454518,7.02916835420854,0.4729918465340197,0.5270081534659803,0.12824344564830747,0.8717565543516925,111,125,-14
2025-02-10-NOP-OKC,2025-02-10,NOP,OKC,-17.5,17.5,17.404315032877903,7.5801103797406455,0.4949642203969291,0.5050357796030709,0.9891634984487775,0.01083650155122251,137,101,36
2025-02-10-SAC-DAL,2025-02-10,SAC,DAL,1.5,-1.5,-2.0079444556882002,6.650762800639134,0.469560831060598,0.530439168939402,0.38135961070081636,0.6186403892991836,128,129,-1
2025-02-10-POR-DEN,2025-02-10,POR,DEN,-9.0,9.0,7.84659065308152,7.262920053503532,0.4369100978593248,0.5630899021406752,0.8600097343058775,0.13999026569412254,146,117,29
2025-02-11-TOR-PHI,2025-02-11,TOR,PHI,-11.0,11.0,9.988603151471969,6.985666389749647,0.4424416047230464,0.5575583952769536,0.9236230047166362,0.07637699528336384,103,106,-3
2025-02-11-NYK-IND,2025-02-11,NYK,IND,2.0,-2.0,-1.1854613149962905,7.037622941308597,0.5460709348975403,0.4539290651024597,0.4331161060223311,0.5668838939776689,115,128,-13
2025-02-11-DET-CHI,2025-02-11,DET,CHI,5.0,-5.0,-4.442162211638775,6.570376369765001,0.5338303305955729,0.46616966940442706,0.24949192408044985,0.7505080759195502,92,132,-40
2025-02-11-MEM-PHX,2025-02-11,MEM,PHX,4.0,-4.0,-3.3211354859283246,6.957733406587308,0.5388630387662798,0.46113696123372017,0.31656354514628093,0.6834364548537191,112,119,-7
2025-02-10-UTA-LAL,2025-02-10,UTA,LAL,-12.0,12.0,11.994796190402184,7.524418682308431,0.4997240956956427,0.5002759043043573,0.9445449717216632,0.055455028278336815,132,113,19
2025-02-12-SAS-BOS,2025-02-12,SAS,BOS,-8.0,8.0,8.201371625273675,7.309975780692576,0.5109884763376459,0.4890115236623541,0.869056530106683,0.13094346989331695,116,103,13
2025-02-12-CHA-ORL,2025-02-12,CHA,ORL,-13.0,13.0,12.478019237177936,6.722382275948838,0.4690539571550554,0.5309460428449446,0.9682867646134803,0.03171323538651971,102,86,16
2025-02-12-IND-WAS,2025-02-12,IND,WAS,10.0,-10.0,-9.650171827087798,6.4483929105476205,0.5216321839924429,0.47836781600755707,0.06725863829907208,0.9327413617009279,130,134,-4
2025-02-12-PHI-BKN,2025-02-12,PHI,BKN,-2.0,2.0,2.845916102855787,6.76533104101904,0.5497528360056078,0.45024716399439224,0.6629989579397975,0.33700104206020254,100,96,4
2025-02-12-ATL-NYK,2025-02-12,ATL,NYK,-8.0,8.0,6.721778486044214,7.565853453873846,0.43291951474806334,0.5670804852519367,0.8128469338623032,0.18715306613769678,149,148,1
2025-02-12-CLE-TOR,2025-02-12,CLE,TOR,12.5,-12.5,-11.790464239644491,7.418085476294849,0.5381005032042218,0.46189949679577824,0.05598263653568414,0.9440173634643159,108,131,-23
2025-02-12-DET-CHI,2025-02-12,DET,CHI,6.0,-6.0,-6.154426028223586,6.594086728063681,0.4906580784381408,0.5093419215618592,0.17532609422723144,0.8246739057727686,110,128,-18
2025-02-12-MIL-MIN,2025-02-12,MIL,MIN,-9.5,9.5,9.56002767848599,7.3143213267439515,0.5032740303649501,0.4967259696350499,0.9043985127440088,0.09560148725599116,101,103,-2
2025-02-12-SAC-NOP,2025-02-12,SAC,NOP,6.0,-6.0,-6.323901721827279,6.440094140465855,0.4799438281092008,0.5200561718907992,0.16306027918572763,0.8369397208142724,111,119,-8
2025-02-12-MIA-OKC,2025-02-12,MIA,OKC,-14.0,14.0,13.69883817656256,7.400771151695751,0.48377020027495177,0.5162297997250482,0.9679153281728561,0.03208467182714392,115,101,14
2025-02-12-PHX-HOU,2025-02-12,PHX,HOU,-10.0,10.0,10.65602781122504,6.932557008151546,0.5376956365506975,0.4623043634493025,0.937865490218714,0.062134509781285985,119,111,8
2025-02-12-POR-DEN,2025-02-12,POR,DEN,-8.0,8.0,6.940409260231578,7.244149249244244,0.44185472157422445,0.5581452784257755,0.8309865192421821,0.16901348075781786,132,121,11
2025-02-12-LAL-UTA,2025-02-12,LAL,UTA,9.0,-9.0,-9.262357966116323,6.76898897198971,0.4845413419892771,0.5154586580107229,0.08560099834048451,0.9143990016595155,131,119,12
2025-02-12-GSW-DAL,2025-02-12,GSW,DAL,8.0,-8.0,-8.308098521913555,6.880763619819603,0.48214261188842833,0.5178573881115717,0.11363166876858832,0.8863683312314117,111,107,4
2025-02-12-MEM-LAC,2025-02-12,MEM,LAC,-6.5,6.5,7.552433294222494,7.240814997702487,0.557781685360739,0.442218314639261,0.8515342726494421,0.14846572735055785,128,114,14
2025-02-13-GSW-HOU,2025-02-13,GSW,HOU,1.5,-1.5,-1.6229517106684366,6.996426511579537,0.49298954814034235,0.5070104518596577,0.4082811762532582,0.5917188237467418,98,105,-7
2025-02-13-SAC-NOP,2025-02-13,SAC,NOP,8.5,-8.5,-9.226887568413268,6.361286200692593,0.45451291625095436,0.5454870837490456,0.07346303172667834,0.9265369682733217,140,133,7
2025-02-13-MIA-DAL,2025-02-13,MIA,DAL,3.0,-3.0,-4.219432711389155,6.54371672387526,0.42608448481763084,0.5739155151823692,0.2595262136712274,0.7404737863287726,118,113,5
2025-02-13-OKC-MIN,2025-02-13,OKC,MIN,9.5,-9.5,-8.72227618025253,7.305992979022988,0.5423873850127197,0.45761261498728034,0.11626788372946739,0.8837321162705326,116,101,15
2025-02-20-MEM-IND,2025-02-20,MEM,IND,1.0,-1.0,-0.254015190363028,7.30522283358343,0.5406679533439731,0.4593320466560269,0.486130884081704,0.513869115918296,127,113,14
2025-02-20-BOS-PHI,2025-02-20,BOS,PHI,6.5,-6.5,-6.289273037058249,7.064272291535684,0.5118986677880456,0.4881013322119544,0.18665425651877343,0.8133457434812266,104,124,-20
2025-02-20-ORL-ATL,2025-02-20,ORL,ATL,1.0,-1.0,-1.2004458448745954,6.678525751233882,0.48802814852921517,0.5119718514707848,0.4286755452959742,0.5713244547040258,108,114,-6
2025-02-20-CLE-BKN,2025-02-20,CLE,BKN,12.5,-12.5,-10.84051189302239,7.160577159059206,0.5916352237046912,0.40836477629530876,0.06502358051551149,0.9349764194844885,97,110,-13
2025-02-20-CHI-NYK,2025-02-20,CHI,NYK,-10.0,10.0,9.765289109896568,7.419758632125776,0.48738227368459774,0.5126177263154023,0.905933033523314,0.094066966476686,113,111,2
2025-02-20-LAC-MIL,2025-02-20,LAC,MIL,2.0,-2.0,-1.894272400918367,6.805371527081461,0.5061976796730715,0.4938023203269285,0.39037200462637567,0.6096279953736243,116,110,6
2025-02-20-CHA-DEN,2025-02-20,CHA,DEN,-18.0,18.0,17.177950993511548,6.842484284190862,0.45218653161464983,0.5478134683853502,0.9939717198932482,0.006028280106751827,129,115,14
2025-02-20-PHX-SAS,2025-02-20,PHX,SAS,2.5,-2.5,-2.1936073850640008,6.8611296208161505,0.517809363990259,0.482190636009741,0.37459212051254287,0.6254078794874571,120,109,11
2025-02-20-LAL-POR,2025-02-20,LAL,POR,2.0,-2.0,-1.4415466268127521,7.086063502632279,0.5314081647969946,0.4685918352030054,0.4193978924252373,0.5806021075747627,102,110,-8
2025-02-21-NYK-CLE,2025-02-21,NYK,CLE,-7.5,7.5,7.930470590325443,7.638717387519499,0.522470011229532,0.47752998877046804,0.8504101282142087,0.1495898717857913,142,105,37
2025-02-21-MEM-ORL,2025-02-21,MEM,ORL,2.0,-2.0,-1.7831384804241797,7.020660762541299,0.512320987468713,0.487679012531287,0.39975379570606395,0.600246204293936,104,105,-1
2025-02-21-MIL-WAS,2025-02-21,MIL,WAS,5.5,-5.5,-4.804810886439136,6.423737234117247,0.5430901673666988,0.4569098326333012,0.2272368660143934,0.7727631339856066,101,104,-3
2025-02-21-MIA-TOR,2025-02-21,MIA,TOR,3.5,-3.5,-3.4733293456173473,6.70188941375893,0.5015876155122801,0.49841238448771985,0.3021380150671432,0.6978619849328568,111,120,-9
2025-02-21-MIN-HOU,2025-02-21,MIN,HOU,-4.0,4.0,4.697673050870891,7.1627750142762965,0.5387966678071751,0.46120333219282494,0.7440381993833902,0.2559618006166098,121,115,6
2025-02-21-DET-SAS,2025-02-21,DET,SAS,4.5,-4.5,-5.021258725835653,7.24355335630331,0.4713161767293178,0.5286838232706822,0.24409083130064868,0.7559091686993513,110,125,-15
2025-02-21-NOP-DAL,2025-02-21,NOP,DAL,-5.5,5.5,5.103188831249381,6.786440833765725,0.47668666115970415,0.5233133388402958,0.7739649588981076,0.22603504110189243,111,103,8
2025-02-21-OKC-UTA,2025-02-21,OKC,UTA,15.5,-15.5,-14.83820055885937,6.73410929658116,0.5391433213505786,0.46085667864942137,0.01378190310323546,0.9862180968967645,107,130,-23
2025-02-21-GSW-SAC,2025-02-21,GSW,SAC,2.0,-2.0,-2.2002027509806616,6.917793695786509,0.4884561179492476,0.5115438820507524,0.37522358908342035,0.6247764109165796,108,132,-24
2025-02-22-PHX-CHI,2025-02-22,PHX,CHI,5.0,-5.0,-4.942617140521124,6.611795940045782,0.5034623212271978,0.4965376787728022,0.2273672272052616,0.7726327727947384,117,121,-4
2025-02-22-BKN-PHI,2025-02-22,BKN,PHI,-11.0,11.0,9.726342137802515,6.698653125265567,0.4246011194057341,0.5753988805942659,0.9267470762547989,0.07325292374520109,103,105,-2
2025-02-22-LAL-DEN,2025-02-22,LAL,DEN,-6.5,6.5,5.711311854953907,7.780796194194593,0.4596309850849283,0.5403690149150717,0.768533755568181,0.23146624443181896,100,123,-23
2025-02-22-HOU-UTA,2025-02-22,HOU,UTA,8.0,-8.0,-8.701315440941102,6.23204990294072,0.45520013764208234,0.5447998623579177,0.08132406207491005,0.91867593792509,124,115,9
2025-02-22-CHA-POR,2025-02-22,CHA,POR,-6.0,6.0,5.496267449907268,6.732892833965547,0.4701802933321696,0.5298197066678304,0.7928445038367008,0.2071554961632992,141,88,53
2025-02-23-NYK-BOS,2025-02-23,NYK,BOS,-7.5,7.5,8.289860935216804,7.093962705174148,0.5443277004494236,0.4556722995505764,0.8787134980608393,0.12128650193916068,118,105,13
2025-02-23-DAL-GSW,2025-02-23,DAL,GSW,-9.5,9.5,9.957939500079425,7.230381481911973,0.5252503082412115,0.47474969175878845,0.91578030611809,0.08421969388190997,126,102,24
2025-02-23-LAC-IND,2025-02-23,LAC,IND,-4.0,4.0,4.258021026743479,7.189056688246819,0.514315285877178,0.485684714122822,0.7231724762125364,0.27682752378746356,129,111,18
2025-02-23-DET-ATL,2025-02-23,DET,ATL,2.0,-2.0,-1.1179503383501452,7.138921442780264,0.5491662002662925,0.4508337997337075,0.4377803140095742,0.5622196859904258,143,148,-5
2025-02-23-WAS-ORL,2025-02-23,WAS,ORL,-13.5,13.5,13.397405175475702,7.1947620574398705,0.4943114135135911,0.5056885864864089,0.9687058814799817,0.03129411852001829,110,90,20
2025-02-23-PHX-TOR,2025-02-23,PHX,TOR,3.0,-3.0,-2.8773971523875437,6.673643157817216,0.5073286370449541,0.4926713629550459,0.3331766081441878,0.6668233918558122,127,109,18
2025-02-23-MIA-MIL,2025-02-23,MIA,MIL,-4.0,4.0,3.5228747497378174,6.715246648878764,0.47167856750067927,0.5283214324993207,0.7000722743297956,0.2999277256702044,120,113,7
2025-02-23-SAS-NOP,2025-02-23,SAS,NOP,-2.0,2.0,1.5974476546873526,6.886509249431923,0.47669301929084285,0.5233069807091572,0.5917184461646645,0.4082815538353355,114,96,18
2025-02-23-MEM-CLE,2025-02-23,MEM,CLE,-5.5,5.5,5.865352347169757,7.635621546772579,0.5190814722765222,0.48091852772347776,0.7788028942345944,0.22119710576540563,129,123,6
2025-02-23-OKC-MIN,2025-02-23,OKC,MIN,9.0,-9.0,-7.921869202401576,7.352127947154536,0.5582927023424602,0.4417072976575398,0.1406299530221654,0.8593700469778346,123,130,-7
2025-02-24-LAC-DET,2025-02-24,LAC,DET,-3.0,3.0,2.729676050108176,7.337202308608345,0.4853051264490741,0.5146948735509259,0.6450655894740153,0.35493441052598473,106,97,9
2025-02-24-DEN-IND,2025-02-24,DEN,IND,3.5,-3.5,-3.32638770014456,7.4451055136454105,0.5093020857934076,0.49069791420659237,0.32751387916974817,0.6724861208302518,116,125,-9
2025-02-24-CHI-PHI,2025-02-24,CHI,PHI,-6.0,6.0,5.477023271771797,6.782649818247173,0.46926997756760536,0.5307300224323946,0.7903121867955984,0.20968781320440155,110,142,-32
2025-02-24-BKN-WAS,2025-02-24,BKN,WAS,2.5,-2.5,-3.4455685159827096,6.546021119442317,0.4425728236471653,0.5574271763528347,0.29931879430453545,0.7006812056954645,107,99,8
2025-02-24-MIA-ATL,2025-02-24,MIA,ATL,-2.5,2.5,1.6823925510047404,6.794393418256209,0.4521086497858898,0.5478913502141102,0.5977837811890411,0.4022162188109589,98,86,12
2025-02-24-MIN-OKC,2025-02-24,MIN,OKC,-11.5,11.5,11.335989424247671,7.696565939148661,0.4914993515344379,0.5085006484655621,0.9296060486815703,0.07039395131842974,128,131,-3
2025-02-24-POR-UTA,2025-02-24,POR,UTA,7.5,-7.5,-7.645101312067114,6.770967148277777,0.49145135153186414,0.5085486484681359,0.129427753870198,0.870572246129802,112,114,-2
2025-02-24-CHA-SAC,2025-02-24,CHA,SAC,-11.0,11.0,10.360913241157437,6.397451744634425,0.4602130166618391,0.5397869833381609,0.947334171593395,0.05266582840660505,130,88,42
2025-02-25-BOS-TOR,2025-02-25,BOS,TOR,10.0,-10.0,-9.770675521297168,6.947418245938038,0.5131661311273596,0.48683386887264035,0.0798063959653823,0.9201936040346177,101,111,-10
2025-02-25-CLE-ORL,2025-02-25,CLE,ORL,6.0,-6.0,-4.805749329281596,7.6390902193017265,0.5621151799888574,0.4378848200111426,0.26464189497506263,0.7353581050249374,82,122,-40
2025-02-25-MIL-HOU,2025-02-25,MIL,HOU,-3.0,3.0,3.4004199946299103,6.9630549018320185,0.5229290830433737,0.4770709169566263,0.6873496414010873,0.31265035859891266,100,97,3
2025-02-25-PHX-MEM,2025-02-25,PHX,MEM,-6.5,6.5,6.3051688825586005,7.129403363920105,0.4890991303301484,0.5109008696698516,0.8117569829746503,0.18824301702534973,151,148,3
2025-02-25-SAS-NOP,2025-02-25,SAS,NOP,-2.5,2.5,1.9136283427125091,6.794546195131099,0.4656138334881875,0.5343861665118125,0.6108909142358789,0.38910908576412107,109,103,6
2025-02-25-CHA-GSW,2025-02-25,CHA,GSW,-17.0,17.0,16.92785205994655,6.837744432873963,0.49579066899261703,0.504209331007383,0.9933502787899324,0.006649721210067572,128,92,36
2025-02-25-DAL-LAL,2025-02-25,DAL,LAL,-8.5,8.5,8.982047149255948,7.228114473922745,0.5265859833037483,0.4734140166962517,0.8930023646795429,0.10699763532045714,107,99,8
2025-02-26-BOS-DET,2025-02-26,BOS,DET,4.5,-4.5,-3.6977346199893564,7.559157780990971,0.5422610234045513,0.4577389765954487,0.3123596709386631,0.6876403290613369,117,97,20
2025-02-26-TOR-IND,2025-02-26,TOR,IND,-12.0,12.0,11.830707449143011,6.957675616755052,0.49029398660314016,0.5097060133968598,0.955470466760118,0.04452953323988196,111,91,20
2025-02-26-PHI-NYK,2025-02-26,PHI,NYK,-8.5,8.5,8.04921029207843,6.708232822560845,0.473211452480811,0.526788547519189,0.8849109600431335,0.11508903995686648,110,105,5
2025-02-26-POR-WAS,2025-02-26,POR,WAS,6.0,-6.0,-6.014413571450401,6.84121318887164,0.4991594796638684,0.5008405203361316,0.1896615206793526,0.8103384793206474,121,129,-8
2025-02-26-OKC-BKN,2025-02-26,OKC,BKN,17.0,-17.0,-15.647930071160925,7.061808191133106,0.575918286739164,0.424081713260836,0.013350779798740886,0.9866492202012591,121,129,-8
2025-02-26-ATL-MIA,2025-02-26,ATL,MIA,-3.0,3.0,3.0750343588344697,6.999555706374863,0.5042765292778202,0.4957234707221798,0.6697846167719416,0.33021538322805843,131,109,22
2025-02-26-LAC-CHI,2025-02-26,LAC,CHI,9.5,-9.5,-9.51100726205892,6.56573130697607,0.49933118491079365,0.5006688150892064,0.07372702495246952,0.9262729750475305,117,122,-5
2025-02-26-SAC-UTA,2025-02-26,SAC,UTA,9.5,-9.5,-9.258256741433568,6.53962845132465,0.5147439029362763,0.48525609706372375,0.07842933351489467,0.9215706664851053,101,118,-17
2025-02-26-SAS-HOU,2025-02-26,SAS,HOU,-7.5,7.5,7.274560239356094,7.10023819892983,0.4873353061438013,0.5126646938561987,0.8472125885375035,0.15278741146249653,118,106,12
2025-02-27-GSW-ORL,2025-02-27,GSW,ORL,4.5,-4.5,-3.9031050832868406,7.258709851414073,0.5327687049529561,0.46723129504704386,0.29538748573167317,0.7046125142683268,115,121,-6
2025-02-27-DEN-MIL,2025-02-27,DEN,MIL,3.0,-3.0,-2.382819679048258,7.324417280157368,0.533576495250057,0.466423504749943,0.3724673685077835,0.6275326314922165,121,112,9
2025-02-27-CHA-DAL,2025-02-27,CHA,DAL,-11.0,11.0,10.102948418563384,6.570177720101551,0.4456996380171102,0.5543003619828898,0.9379387501233458,0.06206124987665418,103,96,7
2025-02-27-NOP-PHX,2025-02-27,NOP,PHX,-6.5,6.5,5.588301822799838,6.690962842635194,0.4458086058067662,0.5541913941932338,0.7981978513814272,0.20180214861857282,116,124,-8
2025-02-27-MIN-LAL,2025-02-27,MIN,LAL,-6.0,6.0,6.070003587682927,7.478252533429553,0.5037344263140614,0.4962655736859386,0.7915144958564265,0.20848550414357347,111,102,9
2025-02-28-DEN-DET,2025-02-28,DEN,DET,-2.0,2.0,3.110059318410077,7.585496368398083,0.5581733893299795,0.4418266106700205,0.659097307031363,0.34090269296863696,119,134,-15
2025-02-28-OKC-ATL,2025-02-28,OKC,ATL,11.0,-11.0,-10.32939157968198,7.136185124890092,0.5374346807158445,0.46256531928415545,0.07388310377596385,0.9261168962240361,119,135,-16
2025-02-28-CLE-BOS,2025-02-28,CLE,BOS,-1.5,1.5,1.9477663341663192,7.751946526047094,0.5230308141291229,0.4769691858708771,0.5991940614951303,0.4008059385048697,116,123,-7
2025-02-28-POR-BKN,2025-02-28,POR,BKN,1.5,-1.5,-1.0888594786165422,6.9902322718272165,0.5234508398798174,0.47654916012018256,0.4381076668120686,0.5618923331879314,102,121,-19
2025-02-28-IND-MIA,2025-02-28,IND,MIA,3.0,-3.0,-3.185269827582325,6.731479604179896,0.489021338338237,0.510978661661763,0.3180387631083428,0.6819612368916572,125,120,5
2025-02-28-TOR-CHI,2025-02-28,TOR,CHI,-1.0,1.0,0.673143687051664,6.506022459926401,0.4799659512898835,0.5200340487101165,0.5412029193184527,0.45879708068154734,125,115,10
2025-02-28-NYK-MEM,2025-02-28,NYK,MEM,-2.5,2.5,3.0606272469444473,6.8401390687043255,0.5326612883592403,0.4673387116407597,0.6727252797446729,0.3272747202553271,113,114,-1
2025-02-28-NOP-PHX,2025-02-28,NOP,PHX,-9.0,9.0,7.8755216211017585,6.739003651407973,0.43373962315296843,0.5662603768470316,0.8787272142767448,0.12127278572325517,125,108,17
2025-02-28-MIN-UTA,2025-02-28,MIN,UTA,4.0,-4.0,-3.9476977358068135,6.554798528217945,0.5031832195982007,0.49681678040179933,0.2735002987753157,0.7264997012246843,117,116,1
2025-02-28-LAC-LAL,2025-02-28,LAC,LAL,-1.5,1.5,1.375559126771496,7.185760307869795,0.49309158080802984,0.5069084191919702,0.5759050430517713,0.42409495694822874,106,102,4
2025-03-01-WAS-CHA,2025-03-01,WAS,CHA,-3.5,3.5,3.273608380413007,6.869657092628183,0.48685511631295697,0.513144883687043,0.6831521340598457,0.31684786594015435,100,113,-13
2025-03-01-BKN-DET,2025-03-01,BKN,DET,-12.5,12.5,12.126126790038933,7.323717499851131,0.4796429788363231,0.5203570211636769,0.951112132930753,0.04888786706924697,115,94,21
2025-03-01-SAC-HOU,2025-03-01,SAC,HOU,-4.0,4.0,4.846337970327093,7.205835574653902,0.5467489598324906,0.4532510401675094,0.7493855413925178,0.2506144586074822,103,113,-10
2025-03-01-SAS-MEM,2025-03-01,SAS,MEM,-6.0,6.0,5.171490120141058,7.273775961000382,0.4546570725119926,0.5453429274880074,0.7614508711027972,0.2385491288972028,128,130,-2
2025-03-01-GSW-PHI,2025-03-01,GSW,PHI,7.0,-7.0,-6.1858441468583925,6.845437070815934,0.5473362146562379,0.45266378534376206,0.18309186821223244,0.8169081317877676,126,119,7
2025-03-01-MIL-DAL,2025-03-01,MIL,DAL,2.5,-2.5,-3.007916451924901,7.080345642216843,0.47140595938371155,0.5285940406162885,0.3354816823186162,0.6645183176813838,117,132,-15
2025-03-02-DEN-BOS,2025-03-02,DEN,BOS,-5.5,5.5,6.137505697688641,7.434219480475751,0.534168565846155,0.465831434153845,0.7954773872989731,0.2045226127010269,110,103,7
2025-03-02-POR-CLE,2025-03-02,POR,CLE,-11.0,11.0,10.997537510794196,7.759289906972649,0.4998733916306112,0.5001266083693888,0.9218079551260479,0.07819204487395215,133,129,4
2025-03-02-CHI-IND,2025-03-02,CHI,IND,-11.5,11.5,11.200604534909303,7.2628427981898955,0.4835590975674836,0.5164409024325164,0.9384849640522201,0.06151503594777985,127,112,15
2025-03-02-NYK-MIA,2025-03-02,NYK,MIA,6.5,-6.5,-6.551803492816401,6.400509160388742,0.49677113532594763,0.5032288646740524,0.15300317819632103,0.846996821803679,112,116,-4
2025-03-02-TOR-ORL,2025-03-02,TOR,ORL,-7.0,7.0,7.198926724649793,6.73829380699741,0.5117757933030851,0.4882242066969149,0.857321028975137,0.14267897102486304,102,104,-2
2025-03-02-OKC-SAS,2025-03-02,OKC,SAS,12.5,-12.5,-12.209201854828802,7.087579245409132,0.5163637160668222,0.4836362839331778,0.04247868276234279,0.9575213172376572,132,146,-14
2025-03-02-NOP-UTA,2025-03-02,NOP,UTA,7.5,-7.5,-7.539865720363261,6.396603540030074,0.4975136776361164,0.5024863223638836,0.11925293914072144,0.8807470608592786,121,128,-7
2025-03-02-MIN-PHX,2025-03-02,MIN,PHX,1.5,-1.5,-2.152620932418901,6.760669194509347,0.46154902932623587,0.5384509706737641,0.37508943071636847,0.6249105692836315,98,116,-18
2025-03-02-LAC-LAL,2025-03-02,LAC,LAL,2.5,-2.5,-2.101163890879274,7.0377133350059085,0.5225964673192146,0.4774035326807854,0.3826387514536964,0.6173612485463036,108,102,6
2025-03-03-GSW-CHA,2025-03-03,GSW,CHA,13.0,-13.0,-12.200591121771723,6.631275308688886,0.5479767789487889,0.45202322105121107,0.032894696648395505,0.9671053033516045,101,119,-18
2025-03-03-POR-PHI,2025-03-03,POR,PHI,1.5,-1.5,-1.4786843383326587,6.828392802673485,0.5012453450041338,0.49875465499586624,0.4142797629238053,0.5857202370761947,102,119,-17
2025-03-03-WAS-MIA,2025-03-03,WAS,MIA,-8.5,8.5,7.494500857990914,7.099189151630928,0.44368385456386994,0.5563161454361301,0.8544437100089465,0.14555628999105352,106,90,16
2025-03-03-ATL-MEM,2025-03-03,ATL,MEM,-8.0,8.0,7.696970248821414,7.37013959311022,0.4836017587430623,0.5163982412569377,0.8518371569015448,0.14816284309845518,130,132,-2
2025-03-03-HOU-OKC,2025-03-03,HOU,OKC,-14.5,14.5,13.326143414909797,7.4025035015725305,0.43700161892104195,0.562998381078958,0.9640871377560996,0.035912862243900445,137,128,9
2025-03-03-SAC-DAL,2025-03-03,SAC,DAL,2.0,-2.0,-1.843888985379234,7.075849728713718,0.5088009545810597,0.4911990454189403,0.39720471596768303,0.602795284032317,98,122,-24
2025-03-03-DET-UTA,2025-03-03,DET,UTA,10.5,-10.5,-10.902258650233655,6.947989272150514,0.476915857137155,0.523084142862845,0.058309491881159525,0.9416905081188405,106,134,-28
2025-03-04-HOU-IND,2025-03-04,HOU,IND,-5.0,5.0,4.764707781322037,6.9977036545548685,0.48658841039134615,0.5134115896086539,0.7520313211348882,0.24796867886511176,115,102,13
2025-03-04-TOR-ORL,2025-03-04,TOR,ORL,-6.5,6.5,6.068611891983372,6.7873434313318945,0.47466119706156584,0.5253388029384342,0.8143677021990745,0.1856322978009255,113,114,-1
2025-03-04-MIL-ATL,2025-03-04,MIL,ATL,5.0,-5.0,-6.199204677620403,7.23980488255753,0.4342199486894718,0.5657800513105282,0.1959251058803071,0.8040748941196929,121,127,-6
2025-03-04-GSW-NYK,2025-03-04,GSW,NYK,1.0,-1.0,-0.9901121208233085,7.171422300225306,0.5005500571089099,0.4994499428910901,0.44509509088251853,0.5549049091174815,102,114,-12
2025-03-04-CLE-CHI,2025-03-04,CLE,CHI,13.5,-13.5,-12.6639058362628,7.054845556763585,0.5471695850360804,0.4528304149639196,0.036321677860601254,0.9636783221393987,117,139,-22
2025-03-04-PHI-MIN,2025-03-04,PHI,MIN,-13.0,13.0,13.258414803610378,6.985881042610476,0.5147539135540399,0.4852460864459601,0.9711445341463788,0.0288554658536212,126,112,14
2025-03-04-BKN-SAS,2025-03-04,BKN,SAS,-3.5,3.5,2.8790824191657194,6.791816257258788,0.4635788656482245,0.5364211343517755,0.6641823196109328,0.33581768038906723,127,113,14
2025-03-04-LAC-PHX,2025-03-04,LAC,PHX,2.5,-2.5,-3.050255249237485,6.65671100472342,0.4670602577736156,0.5329397422263844,0.3233962717916332,0.6766037282083668,119,117,2
2025-03-04-NOP-LAL,2025-03-04,NOP,LAL,-7.5,7.5,7.825349193919519,7.184835877796261,0.5180590353009038,0.4819409646990962,0.8619556738983539,0.13804432610164608,136,115,21
2025-03-05-POR-BOS,2025-03-05,POR,BOS,-9.5,9.5,9.860847720434787,7.225288293587366,0.5199158268902208,0.48008417310977924,0.9138371292261156,0.0861628707738844,128,118,10
2025-03-05-MIN-CHA,2025-03-05,MIN,CHA,9.0,-9.0,-8.422087081052927,6.367492010743971,0.5361583119727671,0.4638416880272329,0.0929726655923867,0.9070273344076133,110,125,-15
2025-03-05-MIA-CLE,2025-03-05,MIA,CLE,-13.0,13.0,12.263511109284345,7.58914259078145,0.46134530044902655,0.5386546995509734,0.9469451036753158,0.053054896324684186,112,107,5
2025-03-05-UTA-WAS,2025-03-05,UTA,WAS,-5.5,5.5,5.505844001620887,6.969158244146527,0.5003345338100242,0.49966546618997576,0.7852448722425831,0.2147551277574169,125,122,3
2025-03-05-OKC-MEM,2025-03-05,OKC,MEM,7.0,-7.0,-6.34474678709724,7.13844522719758,0.5365684082051106,0.46343159179488935,0.18705164834929766,0.8129483516507023,103,120,-17
2025-03-05-SAC-DEN,2025-03-05,SAC,DEN,-8.5,8.5,8.83557600504287,7.457218817569047,0.5179464074229889,0.4820535925770111,0.8819587113103534,0.11804128868964658,116,110,6
2025-03-05-DAL-MIL,2025-03-05,DAL,MIL,-12.0,12.0,11.082561616871487,7.296921308467264,0.4499730185046299,0.5500269814953701,0.9355935344887591,0.06440646551124085,137,107,30
2025-03-05-DET-LAC,2025-03-05,DET,LAC,3.5,-3.5,-4.089301278001979,7.392941319429957,0.46823341905366356,0.5317665809463364,0.2900851765290344,0.7099148234709656,123,115,8
2025-03-06-IND-ATL,2025-03-06,IND,ATL,-2.0,2.0,2.0647149147513755,7.263466463522172,0.5035543874577215,0.4964456125422785,0.6118945334147458,0.38810546658525424,124,118,6
2025-03-06-PHI-BOS,2025-03-06,PHI,BOS,-13.5,13.5,12.776893574641765,7.029141521284382,0.4590320217692737,0.5409679782307263,0.9654452516545382,0.034554748345461794,123,105,18
2025-03-06-GSW-BKN,2025-03-06,GSW,BKN,11.0,-11.0,-10.01466707754651,6.860541064387702,0.557100993693007,0.44289900630699297,0.07217955248347119,0.9278204475165288,119,121,-2
2025-03-06-HOU-NOP,2025-03-06,HOU,NOP,3.5,-3.5,-3.821459787816512,6.74696565503408,0.4809995479790007,0.5190004520209993,0.2855620332342459,0.7144379667657541,97,109,-12
2025-03-06-NYK-LAL,2025-03-06,NYK,LAL,-2.5,2.5,2.8229122549430645,6.839866229374613,0.518827197659964,0.481172802340036,0.6600921152074002,0.3399078847925998,113,109,4
2025-03-07-CLE-CHA,2025-03-07,CLE,CHA,15.5,-15.5,-14.63084812945654,6.789179001865302,0.5509334956843069,0.44906650431569306,0.015579952505998862,0.9844200474940011,117,118,-1
2025-03-07-UTA-TOR,2025-03-07,UTA,TOR,-5.5,5.5,6.2208576386892,7.0202973837508065,0.5408922896087587,0.4591077103912413,0.8122247838979706,0.1877752161020294,118,109,9
2025-03-07-MEM-DAL,2025-03-07,MEM,DAL,10.0,-10.0,-9.652900144418602,6.697467967143706,0.5206661452548644,0.47933385474513557,0.07475335601801303,0.925246643981987,111,122,-11
2025-03-07-MIN-MIA,2025-03-07,MIN,MIA,3.5,-3.5,-3.71693266644397,6.885405685494256,0.4874329413568157,0.5125670586431843,0.294657933541285,0.705342066458715,104,106,-2
2025-03-07-POR-OKC,2025-03-07,POR,OKC,-1.5,1.5,1.4257488800452078,7.468310367187669,0.49603371824893727,0.5039662817510627,0.5757005702834386,0.4242994297165614,107,89,18
2025-03-07-PHX-DEN,2025-03-07,PHX,DEN,-9.0,9.0,8.381950833715868,7.481621175675872,0.46708122650078254,0.5329187734992175,0.8687153028731472,0.13128469712685276,149,141,8
2025-03-07-SAS-SAC,2025-03-07,SAS,SAC,-6.5,6.5,6.265635735675186,7.314210831764453,0.4872191519390715,0.5127808480609285,0.8041776923610346,0.19582230763896535,127,109,18
2025-03-07-NYK-LAC,2025-03-07,NYK,LAC,-7.0,7.0,6.747191159947278,6.742720218333126,0.4850457223810164,0.5149542776189836,0.841505138058147,0.15849486194185303,105,95,10
2025-03-08-BKN-CHA,2025-03-08,BKN,CHA,5.0,-5.0,-5.280044168017515,6.362741256727588,0.48244696826992894,0.5175530317300711,0.20331520523171842,0.7966847947682816,105,102,3
2025-03-08-NOP-HOU,2025-03-08,NOP,HOU,-6.5,6.5,6.754202151968733,7.057586149837695,0.5143661106015804,0.48563388939841956,0.8307196696487632,0.1692803303512368,146,117,29
2025-03-08-IND-ATL,2025-03-08,IND,ATL,1.0,-1.0,-0.9393338836512868,7.1968301981910985,0.5033628683059458,0.4966371316940542,0.44807731768225156,0.5519226823177484,120,118,2
2025-03-08-WAS-TOR,2025-03-08,WAS,TOR,-4.0,4.0,2.930344941796389,7.234614373665512,0.44122962944268973,0.5587703705573103,0.657277811806362,0.342722188193638,117,118,-1
2025-03-08-CHI-MIA,2025-03-08,CHI,MIA,-5.0,5.0,4.258155608601827,7.068416253998483,0.4582069501244218,0.5417930498755782,0.7265527134352001,0.2734472865647999,109,114,-5
2025-03-08-ORL-MIL,2025-03-08,ORL,MIL,-6.5,6.5,6.154253357120347,7.032285550594208,0.4803936567439888,0.5196063432560112,0.8092518667090605,0.19074813329093954,109,111,-2
2025-03-08-LAL-BOS,2025-03-08,LAL,BOS,-6.0,6.0,5.657988881450544,7.272396652870128,0.4812451900248135,0.5187548099751865,0.7817180989968536,0.21828190100314637,111,101,10
2025-03-08-DET-GSW,2025-03-08,DET,GSW,-5.0,5.0,5.070508157589968,7.945151993920673,0.503540311877299,0.496459688122701,0.7383246532198195,0.26167534678018045,115,110,5
2025-03-09-DEN-OKC,2025-03-09,DEN,OKC,-7.5,7.5,7.763886807571483,7.659314531382006,0.513742062791846,0.486257937208154,0.8446258101104781,0.1553741898895219,127,103,24
2025-03-09-PHX-DAL,2025-03-09,PHX,DAL,6.5,-6.5,-6.2634820870742045,6.756996978078115,0.5139614877854184,0.4860385122145816,0.1769730302357979,0.8230269697642021,116,125,-9
2025-03-09-CLE-MIL,2025-03-09,CLE,MIL,7.0,-7.0,-7.075215262069274,7.694668924592674,0.49610040787771137,0.5038995921222886,0.17891816758828627,0.8210818324117137,100,112,-12
2025-03-09-MEM-NOP,2025-03-09,MEM,NOP,10.5,-10.5,-10.539226136947839,6.800513412150867,0.49769886818820164,0.5023011318117984,0.06059846268277602,0.939401537317224,104,107,-3
2025-03-09-UTA-PHI,2025-03-09,UTA,PHI,-6.5,6.5,6.689743862404896,6.717097632189093,0.5112677807500858,0.48873221924991417,0.8403573719703203,0.15964262802967966,126,122,4
2025-03-09-SAS-MIN,2025-03-09,SAS,MIN,-11.0,11.0,11.110478822514198,7.151579342759515,0.5061626835555608,0.4938373164444392,0.939856485086293,0.06014351491370695,141,124,17
2025-03-09-DET-POR,2025-03-09,DET,POR,3.5,-3.5,-3.0751920240287234,7.300735195018588,0.5232001674637767,0.47679983253622327,0.3367984035131084,0.6632015964868916,112,119,-7
2025-03-09-SAC-LAC,2025-03-09,SAC,LAC,-6.5,6.5,6.844916458206591,7.1892768387627255,0.519132520878602,0.48086747912139804,0.8294770763859693,0.17052292361403065,111,110,1
2025-03-10-PHI-ATL,2025-03-10,PHI,ATL,-9.5,9.5,9.366973789570542,6.827585171665983,0.49222764404358776,0.5077723559564122,0.9149574958293348,0.08504250417066517,132,123,9
2025-03-10-UTA-BOS,2025-03-10,UTA,BOS,-15.5,15.5,15.551634902740231,7.119230268170857,0.5028934539930395,0.49710654600696047,0.9855355679749187,0.014464432025081297,114,108,6
2025-03-10-LAL-BKN,2025-03-10,LAL,BKN,5.5,-5.5,-5.629318182241945,6.713362641161288,0.4923157286495531,0.5076842713504469,0.20086813321564667,0.7991318667843533,111,108,3
2025-03-10-CHA-MIA,2025-03-10,CHA,MIA,-9.0,9.0,8.504192066440533,6.647085416462492,0.4702703557337653,0.5297296442662347,0.899619526353423,0.10038047364657698,102,105,-3
2025-03-10-WAS-TOR,2025-03-10,WAS,TOR,-6.5,6.5,6.1273580972941515,7.102258211770819,0.4790778615368547,0.5209221384631453,0.8058580733405064,0.1941419266594936,119,104,15
2025-03-10-IND-CHI,2025-03-10,IND,CHI,3.5,-3.5,-2.9703361322945914,7.214629060206497,0.5292621626495086,0.47073783735049135,0.34027593618660457,0.6597240638133954,121,103,18
2025-03-10-ORL-HOU,2025-03-10,ORL,HOU,-3.5,3.5,2.779932216932548,6.87744379286693,0.458306964559974,0.541693035440026,0.6569708849653461,0.34302911503465394,97,84,13
2025-03-10-PHX-MEM,2025-03-10,PHX,MEM,-3.0,3.0,2.793783984260268,7.109757424397785,0.4884304415536167,0.5115695584463833,0.6528220439919685,0.3471779560080315,120,118,2
2025-03-10-DEN-OKC,2025-03-10,DEN,OKC,-9.5,9.5,9.369882339494891,7.624951991358523,0.4931924926224698,0.5068075073775302,0.8904349930039546,0.10956500699604543,127,140,-13
2025-03-10-DAL-SAS,2025-03-10,DAL,SAS,-7.0,7.0,5.953751996459884,6.673680696047452,0.4377121679976449,0.5622878320023551,0.8138368152535946,0.18616318474640536,129,133,-4
2025-03-10-POR-GSW,2025-03-10,POR,GSW,-12.5,12.5,12.902053313089882,7.711563325413841,0.5207900037235371,0.4792099962764629,0.9528441103379401,0.04715588966205986,130,120,10
2025-03-10-NYK-SAC,2025-03-10,NYK,SAC,1.0,-1.0,-2.2824676620887807,6.921856982392489,0.4265055052013642,0.5734944947986358,0.3707952363194911,0.6292047636805089,104,133,-29
2025-03-11-BKN-CLE,2025-03-11,BKN,CLE,-14.5,14.5,14.761782919994868,7.268172221970967,0.5143658812479368,0.4856341187520632,0.9788733759512126,0.0211266240487874,109,104,5
2025-03-11-WAS-DET,2025-03-11,WAS,DET,-15.0,15.0,14.677289841540674,7.521665046654574,0.48288899609222935,0.5171110039077706,0.9744914083892178,0.025508591610782227,123,103,20
2025-03-11-MIL-IND,2025-03-11,MIL,IND,-1.0,1.0,-0.03976738351191056,7.371089968613458,0.4439111947321398,0.5560888052678602,0.4978476977258842,0.5021523022741158,115,114,1
2025-03-11-LAC-NOP,2025-03-11,LAC,NOP,8.0,-8.0,-8.275449800957771,6.547013299810655,0.48322041573848273,0.5167795842615173,0.10311432846607937,0.8968856715339206,127,120,7
2025-03-06-CHI-ORL,2025-03-06,CHI,ORL,-8.0,8.0,8.037213529659759,7.104891759463535,0.5020895437969242,0.49791045620307584,0.8710192762583289,0.12898072374167113,123,125,-2
2025-03-12-CHA-ATL,2025-03-12,CHA,ATL,-7.5,7.5,6.858393362800033,6.695750558668714,0.46183059095638,0.53816940904362,0.8471509466862213,0.15284905331377874,123,110,13
2025-03-12-OKC-BOS,2025-03-12,OKC,BOS,-3.0,3.0,3.5636719249663162,7.316832128378188,0.5307032234511238,0.46929677654887625,0.6868889788036826,0.3131110211963174,112,118,-6
2025-03-12-PHI-TOR,2025-03-12,PHI,TOR,-2.5,2.5,3.0503672363887997,6.810909669322732,0.532202166121745,0.467797833878255,0.6728746417689245,0.32712535823107547,118,105,13
2025-03-12-LAC-MIA,2025-03-12,LAC,MIA,4.0,-4.0,-4.1578874812866715,6.569544894921095,0.49041304538548836,0.5095869546145116,0.26339835470258577,0.7366016452974142,104,119,-15
2025-03-12-PHX-HOU,2025-03-12,PHX,HOU,-2.5,2.5,3.0012918745166197,7.229722409673154,0.5276395664458099,0.4723604335541901,0.660977501817855,0.339022498182145,111,104,7
2025-03-12-UTA-MEM,2025-03-12,UTA,MEM,-10.5,10.5,10.277471381662288,7.232789928782615,0.48772782403199466,0.5122721759680053,0.9223351265818429,0.07766487341815709,122,115,7
2025-03-12-DAL-SAS,2025-03-12,DAL,SAS,-6.0,6.0,5.133000976887173,6.5983835093146705,0.4477311568443354,0.5522688431556646,0.7816913074208005,0.2183086925791995,126,116,10
2025-03-12-MIN-DEN,2025-03-12,MIN,DEN,4.0,-4.0,-4.373750706058377,7.162179384007676,0.4791910666061986,0.5208089333938014,0.2707079895983534,0.7292920104016466,95,115,-20
2025-03-12-NYK-POR,2025-03-12,NYK,POR,-1.5,1.5,1.4725127845896622,6.90574540726284,0.4984120782340459,0.5015879217659541,0.5844262542048659,0.41557374579513406,113,114,-1
2025-03-13-WAS-DET,2025-03-13,WAS,DET,-13.0,13.0,12.464494427131775,7.581225223725397,0.4718438262669492,0.5281561737330508,0.949924977888738,0.050075022111262024,125,129,-4
2025-03-13-LAL-MIL,2025-03-13,LAL,MIL,-6.0,6.0,5.304222283077047,7.599847490485689,0.46352717886070727,0.5364728211392927,0.7573920126450204,0.24260798735497957,126,106,20
2025-03-13-BKN-CHI,2025-03-13,BKN,CHI,-1.5,1.5,2.1973768401322413,6.91726510866483,0.5401520724636886,0.45984792753631143,0.6246306779561794,0.37536932204382056,116,110,6
2025-03-13-SAC-GSW,2025-03-13,SAC,GSW,-7.5,7.5,8.413855953346593,7.436308989735221,0.548903320621498,0.45109667937850195,0.8710683802810435,0.1289316197189565,130,104,26
2025-03-14-BOS-MIA,2025-03-14,BOS,MIA,8.0,-8.0,-7.3375903917350005,6.863821552035341,0.5384412035895174,0.4615587964104826,0.14252941373952666,0.8574705862604733,91,103,-12
2025-03-14-IND-PHI,2025-03-14,IND,PHI,13.0,-13.0,-12.985732898188694,6.743228007322557,0.5008440684311211,0.49915593156887894,0.027068154733636995,0.972931845266363,100,112,-12
2025-03-14-LAC-ATL,2025-03-14,LAC,ATL,5.0,-5.0,-5.269177226231025,6.819967127368057,0.48425823762503206,0.5157417623749679,0.2198765070518024,0.7801234929481976,98,121,-23
2025-03-14-DAL-HOU,2025-03-14,DAL,HOU,-11.5,11.5,11.39892201550199,7.070375996952426,0.4942969216705687,0.5057030783294313,0.9465417385736132,0.053458261426386766,133,96,37
2025-03-14-CLE-MEM,2025-03-14,CLE,MEM,2.5,-2.5,-2.684146773538614,7.484341501788673,0.4901853059118817,0.5098146940881183,0.3599340820697544,0.6400659179302456,124,133,-9
2025-03-14-ORL-MIN,2025-03-14,ORL,MIN,-11.0,11.0,10.176615549237889,6.826374005022731,0.4519967549653796,0.5480032450346204,0.9319902468349259,0.06800975316507407,118,111,7
2025-03-14-CHA-SAS,2025-03-14,CHA,SAS,-3.0,3.0,2.3780311231205626,6.510012105368564,0.46194281852755503,0.538057181472445,0.6425518868767505,0.35744811312324953,134,145,-11
2025-03-14-LAL-DEN,2025-03-14,LAL,DEN,-15.5,15.5,14.613790521085193,7.161640159564725,0.45075901500465465,0.5492409849953453,0.9793529459490024,0.02064705405099765,131,126,5
2025-03-14-TOR-UTA,2025-03-14,TOR,UTA,-2.0,2.0,1.8656915286865252,6.81032166734372,0.49213284520015543,0.5078671547998446,0.6079386973119698,0.3920613026880302,118,126,-8
2025-03-14-SAC-PHX,2025-03-14,SAC,PHX,-1.5,1.5,0.9337987354877751,6.606356522537503,0.46585025436234506,0.5341497456376549,0.5562026906350637,0.44379730936493633,122,106,16
2025-03-15-BOS-BKN,2025-03-15,BOS,BKN,11.5,-11.5,-10.366492307062753,6.491467440675442,0.5693089257148559,0.4306910742851441,0.055139398786922644,0.9448606012130774,113,115,-2
2025-03-15-OKC-DET,2025-03-15,OKC,DET,4.0,-4.0,-3.359724660523625,7.736284750596745,0.5329798614047598,0.46702013859524016,0.3320420503250119,0.6679579496749881,107,113,-6
2025-03-15-CHI-HOU,2025-03-15,CHI,HOU,-8.5,8.5,8.342286212342769,7.673153690560792,0.49180072878107883,0.5081992712189212,0.8615267496777748,0.13847325032222524,117,114,3
2025-03-15-MIA-MEM,2025-03-15,MIA,MEM,-5.5,5.5,4.805845771276324,7.034266467364962,0.460695451328084,0.539304548671916,0.7527613319346763,0.24723866806532369,125,91,34
2025-03-15-IND-MIL,2025-03-15,IND,MIL,-3.5,3.5,3.749998972070584,7.334559967488002,0.513595342039218,0.486404657960782,0.6954217875983789,0.3045782124016211,126,119,7
2025-03-15-NOP-SAS,2025-03-15,NOP,SAS,1.0,-1.0,-1.7534023236110592,6.557216987024536,0.45426351667726705,0.545736483322733,0.3945804528853568,0.6054195471146432,119,115,4
2025-03-15-NYK-GSW,2025-03-15,NYK,GSW,-6.5,6.5,6.200761100346121,7.232674895102103,0.48349918919273005,0.51650081080727,0.8043676613351021,0.19563233866489793,97,94,3
2025-03-15-WAS-DEN,2025-03-15,WAS,DEN,-12.5,12.5,10.860628765973974,7.307189837001358,0.41124231656440347,0.5887576834355965,0.9313992475137506,0.06860075248624942,123,126,-3
2025-03-16-PHI-DAL,2025-03-16,PHI,DAL,-6.5,6.5,6.003139343590186,6.669492311333344,0.4703072560528109,0.5296927439471891,0.8159636621475282,0.18403633785247175,125,130,-5
2025-03-16-PHX-LAL,2025-03-16,PHX,LAL,-3.0,3.0,3.469960776571468,7.061966453528476,0.5265292862768374,0.47347071372316263,0.6884137214833639,0.3115862785166361,107,96,11
2025-03-16-ATL-BKN,2025-03-16,ATL,BKN,6.5,-6.5,-6.4611996295670115,6.564075165495238,0.5023581415097782,0.4976418584902218,0.16247725873581742,0.8375227412641826,122,114,8
2025-03-16-ORL-CLE,2025-03-16,ORL,CLE,-10.0,10.0,9.394442813483789,7.073762111183002,0.4658897745911128,0.5341102254088872,0.907922311566145,0.092077688433855,103,108,-5
2025-03-16-TOR-POR,2025-03-16,TOR,POR,-7.5,7.5,7.836700056628074,6.907997858515735,0.5194369954554405,0.48056300454455947,0.8716947116687109,0.12830528833128907,105,102,3
2025-03-16-UTA-MIN,2025-03-16,UTA,MIN,-13.0,13.0,12.713480180197164,7.429257074131277,0.4846180392068248,0.5153819607931752,0.9564845507078406,0.04351544929215945,128,102,26
2025-03-16-OKC-MIL,2025-03-16,OKC,MIL,5.5,-5.5,-5.387767694513114,7.466235474336348,0.5059966667133158,0.4940033332866842,0.23526477594446504,0.764735224055535,105,121,-16
2025-01-23-WAS-LAC,2025-01-23,WAS,LAC,-14.5,14.5,13.921275704315539,7.303665691433776,0.46842185417717563,0.5315781458228244,0.9716792392550847,0.028320760744915296,110,93,17
2025-03-17-MIA-NYK,2025-03-17,MIA,NYK,-7.5,7.5,7.082002458120114,6.851305730534736,0.47567565860005,0.52432434139995,0.8493552214294878,0.15064477857051217,116,95,21
2025-03-17-PHI-HOU,2025-03-17,PHI,HOU,-17.0,17.0,17.410319677454314,7.256945070315982,0.5225448432668567,0.4774551567331433,0.9917828524048654,0.008217147595134588,144,137,7
2025-03-17-IND-MIN,2025-03-17,IND,MIN,-11.0,11.0,10.750769136077398,7.615763076079127,0.4869466810420564,0.5130533189579436,0.9209730376451775,0.07902696235482254,130,132,-2
2025-03-17-DET-NOP,2025-03-17,DET,NOP,6.5,-6.5,-7.280569382074254,6.707877338130752,0.45368120900755005,0.54631879099245,0.13887756862594758,0.8611224313740524,81,127,-46
2025-04-01-ORL-SAS,2025-04-01,ORL,SAS,4.5,-4.5,-4.914092117693547,6.478408912110861,0.4745174416877974,0.5254825583122026,0.224065743813048,0.775934256186952,105,116,-11
2025-03-17-CHI-UTA,2025-03-17,CHI,UTA,4.5,-4.5,-4.842081035339669,6.997619024144903,0.4805053330835881,0.5194946669164119,0.244480839759746,0.755519160240254,97,111,-14
2025-03-17-DEN-GSW,2025-03-17,DEN,GSW,-13.0,13.0,13.371539067455878,7.414110765617956,0.5199836006496917,0.48001639935030826,0.9643471509466112,0.035652849053388835,105,114,-9
2025-03-17-TOR-PHX,2025-03-17,TOR,PHX,-8.5,8.5,7.096950048737188,6.791431611040782,0.4181645698580062,0.5818354301419938,0.8519852491783872,0.14801475082161275,129,89,40
2025-03-17-MEM-SAC,2025-03-17,MEM,SAC,-3.0,3.0,3.511555847111501,7.022322865090819,0.5290361044407159,0.4709638955592841,0.6914822350363297,0.30851776496367034,132,122,10
2025-03-18-ATL-CHA,2025-03-18,ATL,CHA,8.0,-8.0,-7.418846040796417,6.582988953789656,0.5351733971936896,0.4648266028063104,0.12987710154578824,0.8701228984542118,102,134,-32
2025-03-18-BKN-BOS,2025-03-18,BKN,BOS,-13.5,13.5,13.82250880502649,6.69368165778977,0.5192140352945042,0.48078596470549584,0.9805388969267577,0.019461103073242336,104,96,8
2025-03-17-WAS-POR,2025-03-17,WAS,POR,-6.0,6.0,5.560322698343391,7.182494083420205,0.47559394057585924,0.5244060594241408,0.7805787440637733,0.21942125593622674,112,97,15
2025-03-20-MIL-LAL,2025-03-20,MIL,LAL,8.5,-8.5,-9.232005449207723,6.95916916218325,0.45811420769656763,0.5418857923034324,0.09232119235064151,0.9076788076493585,89,118,-29
2025-03-18-CLE-LAC,2025-03-18,CLE,LAC,2.5,-2.5,-2.8692193059885978,7.336018994060432,0.4799298461667204,0.5200701538332796,0.34785650787174127,0.6521434921282587,132,119,13
2025-03-19-DAL-IND,2025-03-19,DAL,IND,-10.5,10.5,9.728308746978643,7.00779220124505,0.4561574895971021,0.5438425104028979,0.917463913694115,0.08253608630588505,135,131,4
2025-03-19-HOU-ORL,2025-03-19,HOU,ORL,2.0,-2.0,-1.2082945489464563,6.864060093451471,0.5459124575652554,0.4540875424347446,0.4301343828446397,0.5698656171553603,108,116,-8
2025-03-19-DET-MIA,2025-03-19,DET,MIA,4.5,-4.5,-5.057739394582162,6.866105885237725,0.46762919580696694,0.5323708041930331,0.23067547303349323,0.7693245269665068,113,116,-3
2025-03-19-NOP-MIN,2025-03-19,NOP,MIN,-13.0,13.0,13.098259170937604,7.059355960734646,0.5055526980405868,0.4944473019594132,0.9682337726252569,0.031766227374743106,115,119,-4
2025-03-19-PHI-OKC,2025-03-19,PHI,OKC,-11.5,11.5,12.035615855465322,7.377850293162145,0.5289369196595904,0.47106308034040956,0.9485883223791534,0.05141167762084664,133,100,33
2025-03-19-NYK-SAS,2025-03-19,NYK,SAS,8.0,-8.0,-9.027796341975241,6.365062867768079,0.4358597851835333,0.5641402148164667,0.07804637911675139,0.9219536208832486,120,105,15
2025-02-13-LAC-UTA,2025-02-13,LAC,UTA,10.0,-10.0,-10.390047893338632,6.538951263332358,0.4762172309637458,0.5237827690362542,0.05603616388786037,0.9439638361121396,116,120,-4
2025-03-20-TOR-GSW,2025-03-20,TOR,GSW,-14.5,14.5,14.172127075567932,7.288267860786783,0.48205907508838586,0.5179409249116141,0.9740831529362709,0.025916847063729098,117,114,3
2025-03-19-DEN-LAL,2025-03-19,DEN,LAL,-5.5,5.5,5.718181690784927,7.057388026679688,0.5123314798244204,0.4876685201755796,0.7910990211724556,0.20890097882754444,120,108,12
2025-03-19-CHI-PHX,2025-03-19,CHI,PHX,-5.5,5.5,4.769965764142974,7.03700879140557,0.4586869985917439,0.5413130014082561,0.7510634145481674,0.24893658545183261,127,121,6
2025-03-19-MEM-POR,2025-03-19,MEM,POR,4.5,-4.5,-3.631486483417868,6.912283254582415,0.5499946571330181,0.4500053428669819,0.2996639960954539,0.7003360039045461,115,99,16
2025-03-19-CLE-SAC,2025-03-19,CLE,SAC,6.5,-6.5,-6.6976747533705,6.817219850801877,0.4884337355840064,0.5115662644159936,0.16293559469896823,0.8370644053010318,123,119,4
2025-03-20-NYK-CHA,2025-03-20,NYK,CHA,7.5,-7.5,-7.637924979636899,6.199701970999365,0.4911254496355695,0.5088745503644305,0.1089777911915153,0.8910222088084847,115,98,17
2025-03-20-BKN-IND,2025-03-20,BKN,IND,-8.0,8.0,7.331184265899951,7.151023563841205,0.4627423419081512,0.5372576580918488,0.84736409852971,0.15263590147029005,105,99,6
2025-03-18-MIL-GSW,2025-03-18,MIL,GSW,2.0,-2.0,-2.5566894152814528,7.303664499509824,0.4696218119469485,0.5303781880530515,0.3631484467875348,0.6368515532124652,104,93,11
2025-03-20-CHI-SAC,2025-03-20,CHI,SAC,-7.5,7.5,6.461815252284333,7.036039360590112,0.44134799731788166,0.5586520026821183,0.8207921568208083,0.1792078431791917,116,128,-12
2025-03-21-ORL-WAS,2025-03-21,ORL,WAS,8.5,-8.5,-8.749411046784337,6.473828139753473,0.484634129758003,0.515365870241997,0.08826686097964365,0.9117331390203564,105,120,-15
2025-03-21-HOU-MIA,2025-03-21,HOU,MIA,4.5,-4.5,-4.154833152866553,6.842269120327732,0.52011661110639,0.47988338889361004,0.2718490422182702,0.7281509577817298,98,102,-4
2025-03-21-NOP-MIN,2025-03-21,NOP,MIN,-15.5,15.5,15.42378607458397,7.102356267019579,0.49571911453758966,0.5042808854624103,0.9850587197258294,0.014941280274170632,134,93,41
2025-03-21-CHA-OKC,2025-03-21,CHA,OKC,-20.5,20.5,20.513871735796155,7.382459155288926,0.500749617239832,0.499250382760168,0.9972714193118465,0.0027285806881535146,141,106,35
2025-03-21-PHI-SAS,2025-03-21,PHI,SAS,-6.0,6.0,5.38669423844125,6.651606307865116,0.46326791710210746,0.5367320828978925,0.7909820888358272,0.2090179111641728,128,120,8
2025-03-21-DET-DAL,2025-03-21,DET,DAL,9.5,-9.5,-10.669174098648796,6.729045863668298,0.4310308314155188,0.5689691685844812,0.05642180222991622,0.9435781977700838,123,117,6
2025-03-21-BOS-UTA,2025-03-21,BOS,UTA,15.0,-15.0,-14.299452950015008,6.84932388405144,0.5407326810192876,0.4592673189807124,0.018411665189171256,0.9815883348108287,99,121,-22
2025-03-21-CLE-PHX,2025-03-21,CLE,PHX,8.5,-8.5,-9.034816986793498,6.85617141513535,0.46891196036830174,0.5310880396316983,0.09379130400381541,0.9062086959961846,123,112,11
2025-03-21-DEN-POR,2025-03-21,DEN,POR,1.5,-1.5,-0.8465363844225225,6.840509180014163,0.5380524749746453,0.46194752502535474,0.4507552580564671,0.5492447419435329,128,109,19
2025-03-21-MEM-LAC,2025-03-21,MEM,LAC,-6.5,6.5,6.775212259237815,7.168915727138437,0.5153114987025585,0.48468850129744145,0.8276914589818803,0.17230854101811965,128,108,20
2025-03-22-BKN-IND,2025-03-22,BKN,IND,-13.0,13.0,12.948449230674198,7.174831073338462,0.49713364617001077,0.5028663538299892,0.9644395247864398,0.035560475213560205,108,103,5
2025-03-22-GSW-ATL,2025-03-22,GSW,ATL,3.0,-3.0,-2.9661863742581622,7.206859511804903,0.5018717772210444,0.49812822277895563,0.3403243008995419,0.6596756991004581,124,115,9
2025-03-22-WAS-NYK,2025-03-22,WAS,NYK,-15.5,15.5,15.674711810387262,7.026245361750262,0.5099189172269807,0.4900810827730193,0.9871554679099253,0.012844532090074745,122,103,19
2025-03-22-MIL-SAC,2025-03-22,MIL,SAC,-1.5,1.5,0.2659581074798889,6.833638355652851,0.42834727926084626,0.5716527207391537,0.5155225005005256,0.4844774994994744,108,114,-6
2025-03-22-CHI-LAL,2025-03-22,CHI,LAL,-10.5,10.5,10.35496081876661,7.203750047839481,0.4919683009161616,0.5080316990838384,0.9247035413557098,0.07529645864429024,115,146,-31
2025-03-23-NOP-DET,2025-03-23,NOP,DET,-11.5,11.5,11.415818999159345,7.136336049505704,0.49529414234683955,0.5047058576531605,0.9451646594396552,0.05483534056034478,136,130,6
2025-03-23-CLE-UTA,2025-03-23,CLE,UTA,16.5,-16.5,-16.209762335412556,6.698613805405663,0.5172799717732433,0.48272002822675675,0.007763067331183593,0.9922369326688164,91,120,-29
2025-03-23-PHI-ATL,2025-03-23,PHI,ATL,-10.5,10.5,9.97576265167998,7.329046482531087,0.47148848204017013,0.5285115179598299,0.9132632121457995,0.08673678785420047,132,119,13
2025-03-23-CHA-MIA,2025-03-23,CHA,MIA,-7.5,7.5,7.420328211719063,6.6234051826220215,0.4952013084591994,0.5047986915408006,0.868711125426017,0.13128887457398297,122,105,17
2025-03-23-SAS-TOR,2025-03-23,SAS,TOR,1.0,-1.0,0.7458122555922366,7.0542740229644405,0.5977327415540867,0.40226725844591327,0.5420996791351398,0.4579003208648602,89,123,-34
2025-03-23-BOS-POR,2025-03-23,BOS,POR,6.5,-6.5,-5.520369876331353,7.018884192381552,0.5555003783192367,0.4444996216807633,0.21578658119092387,0.7842134188090761,116,129,-13
2025-03-23-DEN-HOU,2025-03-23,DEN,HOU,-8.0,8.0,8.449770722340642,7.321466613662253,0.5244923281019603,0.47550767189803966,0.8757722638743779,0.1242277361256221,111,116,-5
2025-03-23-OKC-LAC,2025-03-23,OKC,LAC,1.0,-1.0,-1.2225596522435453,7.599798050229893,0.4883186677737309,0.5116813322262691,0.4360989246547903,0.5639010753452097,101,103,-2
2025-03-24-MIN-IND,2025-03-24,MIN,IND,2.0,-2.0,-1.8068689839339593,7.613098786007844,0.5101193833020348,0.48988061669796523,0.40619773317438224,0.5938022668256178,119,103,16
2025-03-24-LAL-ORL,2025-03-24,LAL,ORL,4.0,-4.0,-3.6114033188181676,6.771963391490493,0.5228800126810171,0.47711998731898286,0.2969172951365985,0.7030827048634015,118,106,12
2025-03-24-TOR-WAS,2025-03-24,TOR,WAS,-2.5,2.5,2.6712586382523256,6.649806003512357,0.5102731959046791,0.4897268040953209,0.6560493347220311,0.3439506652779689,104,112,-8
2025-03-24-DAL-BKN,2025-03-24,DAL,BKN,3.0,-3.0,-3.1699847129491574,6.634196872653136,0.4897792195624696,0.5102207804375304,0.3163874048231148,0.6836125951768852,101,120,-19
2025-03-24-PHI-NOP,2025-03-24,PHI,NOP,-3.0,3.0,2.3002815589321743,6.428621007401205,0.4566630123776554,0.5433369876223446,0.6397605458390211,0.3602394541609789,112,99,13
2025-03-24-CHI-DEN,2025-03-24,CHI,DEN,-2.5,2.5,1.4872420815030645,7.150296177860371,0.44368273914554424,0.5563172608544558,0.5823844503433997,0.4176155496566003,119,129,-10
2025-03-24-MIL-PHX,2025-03-24,MIL,PHX,-3.0,3.0,2.2380696951257475,6.922565068852307,0.45617901693120755,0.5438209830687925,0.6267662141155695,0.37323378588443046,108,106,2
2025-03-24-BOS-SAC,2025-03-24,BOS,SAC,5.0,-5.0,-4.577130530797409,6.727525088190311,0.5250596595253855,0.47494034047461453,0.24813866795773487,0.7518613320422651,95,113,-18
2025-03-25-ORL-CHA,2025-03-25,ORL,CHA,5.0,-5.0,-5.689039063357047,6.2853029106755045,0.4563525882355258,0.5436474117644742,0.1826972978353325,0.8173027021646675,104,111,-7
2025-03-25-SAS-DET,2025-03-25,SAS,DET,-8.5,8.5,9.0333224439253,7.603868630522258,0.5279582099168683,0.47204179008313174,0.8825813913063915,0.11741860869360854,122,96,26
2025-03-25-GSW-MIA,2025-03-25,GSW,MIA,5.0,-5.0,-5.776479660500109,6.900029370991827,0.45520048010486347,0.5447995198951365,0.2012492390703169,0.7987507609296831,112,86,26
2025-03-25-DAL-NYK,2025-03-25,DAL,NYK,-12.5,12.5,13.278917066085533,7.010139516140697,0.5442365979547774,0.4557634020452226,0.9709037070756913,0.02909629292430871,128,113,15
2025-03-25-ATL-HOU,2025-03-25,ATL,HOU,-7.5,7.5,8.153782346894406,7.612802909172484,0.5342188250018234,0.4657811749981766,0.8579291773579938,0.1420708226420062,121,114,7
2025-03-25-MEM-UTA,2025-03-25,MEM,UTA,11.0,-11.0,-10.761317316464263,6.618343628532602,0.5143842602926886,0.4856157397073114,0.05197658627974511,0.9480234137202549,103,140,-37
2025-03-25-CLE-POR,2025-03-25,CLE,POR,6.0,-6.0,-5.7792976340013595,6.763928777192157,0.5130149040526346,0.4869850959473654,0.19643363667498714,0.8035663633250129,111,122,-11
2025-03-25-OKC-SAC,2025-03-25,OKC,SAC,8.5,-8.5,-9.489491562820039,6.820489300872896,0.4423253028783014,0.5576746971216986,0.08206401943033126,0.9179359805696687,105,121,-16
2025-03-26-WAS-PHI,2025-03-26,WAS,PHI,-3.0,3.0,2.7218580468841758,6.6809168705528625,0.48339591088448297,0.516604089115517,0.6581457725779555,0.3418542274220445,114,119,-5
2025-03-26-TOR-BKN,2025-03-26,TOR,BKN,-2.5,2.5,2.4412049332924166,6.641069579092505,0.4964681093457638,0.5035318906542362,0.6434113092245368,0.3565886907754632,86,116,-30
2025-03-26-LAL-IND,2025-03-26,LAL,IND,-1.0,1.0,1.066214740746263,7.040104988360782,0.5037521415173196,0.4962478584826804,0.5601891118625797,0.4398108881374203,119,120,-1
2025-03-26-LAC-NYK,2025-03-26,LAC,NYK,4.0,-4.0,-4.645504251547585,7.310264064773231,0.4648186881476952,0.5351813118523048,0.2625587003119467,0.7374412996880533,113,126,-13
2025-03-26-MIL-DEN,2025-03-26,MIL,DEN,-11.5,11.5,10.046136244483298,6.914068784520536,0.4167260748755385,0.5832739251244615,0.9268880085611289,0.07311199143887115,127,117,10
2025-03-26-BOS-PHX,2025-03-26,BOS,PHX,4.5,-4.5,-4.419663829246046,7.085132673152578,0.5045233886089181,0.4954766113910819,0.26638141345527244,0.7336185865447276,102,132,-30
2025-03-27-SAS-CLE,2025-03-27,SAS,CLE,-14.0,14.0,14.586542872595535,7.3860387432310874,0.5316476867344717,0.4683523132655283,0.9758591368078077,0.02414086319219233,124,116,8
2025-03-27-DAL-ORL,2025-03-27,DAL,ORL,-7.0,7.0,6.9026142582775,7.113210635594662,0.4945383205700705,0.5054616794299295,0.8340748375901152,0.16592516240988475,92,101,-9
2025-03-27-IND-WAS,2025-03-27,IND,WAS,12.0,-12.0,-12.18903977395881,6.610548235994157,0.4885931274904043,0.5114068725095957,0.03260051264727171,0.9673994873527283,109,162,-53
2025-03-27-ATL-MIA,2025-03-27,ATL,MIA,-1.0,1.0,1.323812007800707,6.982728737015674,0.5184936319214828,0.4815063680785172,0.5751823451490301,0.4248176548509699,122,112,10
2025-03-27-LAL-CHI,2025-03-27,LAL,CHI,4.0,-4.0,-3.2326277692944827,6.969258903831061,0.543838199127421,0.45616180087257896,0.32138084596376126,0.6786191540362387,119,117,2
2025-03-27-MEM-OKC,2025-03-27,MEM,OKC,-10.5,10.5,10.77907017746304,7.728366029681166,0.5144026178882457,0.4855973821117543,0.9184530455007025,0.0815469544992975,125,104,21
2025-03-27-HOU-UTA,2025-03-27,HOU,UTA,13.5,-13.5,-13.1465179984084,6.5786056190504025,0.5214256784170838,0.47857432158291624,0.02283803470160739,0.9771619652983926,110,121,-11
2025-03-27-POR-SAC,2025-03-27,POR,SAC,-6.0,6.0,5.613991297632715,6.744876121344424,0.47718102333963586,0.5228189766603641,0.7973898437379516,0.20261015626204837,128,107,21
2025-03-28-CLE-DET,2025-03-28,CLE,DET,6.5,-6.5,-5.341101355583038,7.163593771625091,0.5642589337328695,0.4357410662671305,0.22795766924514904,0.772042330754851,133,122,11
2025-03-28-LAC-BKN,2025-03-28,LAC,BKN,13.0,-13.0,-12.724430993696595,6.59958939434297,0.5166531860692432,0.48334681393075685,0.026923580529636615,0.9730764194703634,100,132,-32
2025-03-28-CHA-TOR,2025-03-28,CHA,TOR,-5.5,5.5,6.001109072800579,7.088056877663738,0.5281808104968062,0.4718191895031938,0.8014051069932447,0.19859489300675526,108,97,11
2025-03-28-NYK-MIL,2025-03-28,NYK,MIL,-1.0,1.0,0.7650136800088375,6.856379307127727,0.4863298652502632,0.5136701347497368,0.544420563234672,0.45557943676532797,107,116,-9
2025-03-28-PHX-MIN,2025-03-28,PHX,MIN,-8.5,8.5,9.33546652177769,7.351289583989723,0.545241968568532,0.454758031431468,0.8979414212325478,0.10205857876745217,124,109,15
2025-03-28-GSW-NOP,2025-03-28,GSW,NOP,17.5,-17.5,-18.024371863259315,6.332742306260907,0.46700397869714383,0.5329960213028562,0.0022120874110406197,0.9977879125889594,95,111,-16
2025-03-28-UTA-DEN,2025-03-28,UTA,DEN,-19.0,19.0,18.117815679471803,6.908557216808086,0.4491953965563972,0.5508046034436028,0.9956358671917985,0.004364132808201471,129,93,36
2025-03-29-SAC-ORL,2025-03-29,SAC,ORL,-1.5,1.5,1.8531817848527607,6.887659440484128,0.5204477915884086,0.4795522084115914,0.6060575816996865,0.3939424183003135,121,91,30
2025-03-29-BKN-WAS,2025-03-29,BKN,WAS,-2.5,2.5,2.335669038939459,6.37206069664013,0.4897126996810425,0.5102873003189575,0.6430220707187295,0.3569779292812705,112,115,-3
2025-03-29-MIA-PHI,2025-03-29,MIA,PHI,8.0,-8.0,-7.848751078249366,6.22822778594996,0.5096871311775031,0.4903128688224969,0.10380039429971077,0.8961996057002892,95,118,-23
2025-03-29-DAL-CHI,2025-03-29,DAL,CHI,-3.0,3.0,2.887433315734166,7.295377066000487,0.4938446186624573,0.5061553813375427,0.6538698218168553,0.34613017818314473,119,120,-1
2025-03-29-LAL-MEM,2025-03-29,LAL,MEM,-1.5,1.5,1.409842804487016,6.993757758333263,0.4948573396079935,0.5051426603920065,0.5798797571970367,0.42012024280296334,127,134,-7
2025-03-29-IND-OKC,2025-03-29,IND,OKC,-8.5,8.5,8.417048536643094,7.845732935232936,0.49578213664753,0.50421786335247,0.8583237520800711,0.14167624791992894,132,111,21
2025-03-29-BOS-SAS,2025-03-29,BOS,SAS,12.5,-12.5,-12.138162250591819,7.061072215494416,0.520434463823473,0.479565536176527,0.042804876593557806,0.9571951234064422,111,121,-10
2025-03-30-LAC-CLE,2025-03-30,LAC,CLE,-7.0,7.0,6.703958230399955,7.3189893409199565,0.483867802419913,0.516132197580087,0.8201580960695636,0.17984190393043642,127,122,5
2025-03-30-POR-NYK,2025-03-30,POR,NYK,-7.0,7.0,7.113277834434619,7.40501739491664,0.5061025589394431,0.4938974410605569,0.8316239512342847,0.16837604876571532,110,93,17
2025-03-30-ATL-MIL,2025-03-30,ATL,MIL,-4.5,4.5,4.588163211639279,7.330142258281954,0.504798158545537,0.495201841454463,0.7343198971152309,0.26568010288476906,124,145,-21
2025-03-30-DET-MIN,2025-03-30,DET,MIN,-8.0,8.0,7.873830072029783,7.505162114599424,0.4932936627813288,0.5067063372186712,0.8529389951811315,0.14706100481886852,123,104,19
2025-03-30-CHA-NOP,2025-03-30,CHA,NOP,-2.5,2.5,1.9920893020320978,6.332050758646502,0.4680340567125556,0.5319659432874444,0.6234688774181274,0.3765311225818726,98,94,4
2025-03-30-GSW-SAS,2025-03-30,GSW,SAS,11.5,-11.5,-12.328893674295639,6.847411267272393,0.45182487506820646,0.5481751249317935,0.0358893678763369,0.9641106321236631,106,148,-42
2025-03-30-TOR-PHI,2025-03-30,TOR,PHI,6.0,-6.0,-7.089185898614609,6.480526950492335,0.4332638784205485,0.5667361215794515,0.1369947672486138,0.8630052327513862,109,127,-18
2025-03-30-HOU-PHX,2025-03-30,HOU,PHX,2.5,-2.5,-3.004103479235611,6.8903987866172365,0.4708392882698673,0.5291607117301327,0.3314241767764269,0.6685758232235731,109,148,-39
2025-03-31-UTA-CHA,2025-03-31,UTA,CHA,-4.5,4.5,2.8516451702894465,6.663297349942802,0.4023077530484458,0.5976922469515542,0.6656609951386199,0.33433900486138013,110,106,4
2025-03-31-SAC-IND,2025-03-31,SAC,IND,-4.0,4.0,3.952121866901936,7.027355138517628,0.49728198398203627,0.5027180160179637,0.7130752034431136,0.2869247965568864,111,109,2
2025-03-31-LAC-ORL,2025-03-31,LAC,ORL,3.0,-3.0,-2.3506638142363543,7.254417775949813,0.5356613269986705,0.46433867300132947,0.37295688745700606,0.6270431125429939,87,96,-9
2025-03-31-MIA-WAS,2025-03-31,MIA,WAS,9.5,-9.5,-9.51755650985437,6.367967893602811,0.4989001161247665,0.5010998838752335,0.06750960334303957,0.9324903966569604,94,120,-26
2025-03-31-BOS-MEM,2025-03-31,BOS,MEM,4.0,-4.0,-3.490192960097535,7.3213935404026795,0.5277569214366977,0.4722430785633023,0.31678376383023976,0.6832162361697602,103,117,-14
2025-03-31-CHI-OKC,2025-03-31,CHI,OKC,-15.5,15.5,15.503474540005035,8.001103588273986,0.5001732437099577,0.49982675629004225,0.9736680699194167,0.02633193008058332,145,117,28
2025-03-31-BKN-DAL,2025-03-31,BKN,DAL,-9.5,9.5,8.567166274638673,6.961255067098187,0.446699836267312,0.553300163732688,0.8907811032199875,0.10921889678001251,109,113,-4
2025-03-31-HOU-LAL,2025-03-31,HOU,LAL,-4.0,4.0,4.127637910293772,6.977466259310524,0.5072973938322136,0.4927026061677864,0.722929669502175,0.27707033049782503,104,98,6
2025-04-01-POR-ATL,2025-04-01,POR,ATL,-6.0,6.0,6.366477822057822,7.170271219544561,0.5203813584967356,0.4796186415032644,0.8127025027869953,0.1872974972130047,113,127,-14
2025-04-01-PHI-NYK,2025-04-01,PHI,NYK,-13.0,13.0,12.743876311957514,7.120228462182721,0.4856526321270711,0.5143473678729289,0.963257997688669,0.03674200231133096,105,91,14
2025-04-01-TOR-CHI,2025-04-01,TOR,CHI,-4.0,4.0,3.0746036972909674,7.2636776614088925,0.44931170280835075,0.5506882971916492,0.6639562259772862,0.3360437740227138,137,118,19
2025-04-01-GSW-MEM,2025-04-01,GSW,MEM,4.0,-4.0,-4.719743031953389,7.2716852540158365,0.4605775321010601,0.5394224678989399,0.25815055302024437,0.7418494469797556,125,134,-9
2025-04-01-PHX-MIL,2025-04-01,PHX,MIL,-6.5,6.5,6.452114407308683,7.021462845776956,0.4972792792784291,0.5027207207215709,0.8209294944139478,0.1790705055860522,133,123,10
2025-04-01-MIN-DEN,2025-04-01,MIN,DEN,-3.5,3.5,3.8924102890442356,7.282047200936982,0.5214875458061772,0.4785124541938228,0.7035095868213266,0.2964904131786734,139,140,-1
2025-04-02-NYK-CLE,2025-04-02,NYK,CLE,-10.5,10.5,10.861904283160449,6.877473556157689,0.520983332703568,0.479016667296432,0.942871540794333,0.057128459205667004,124,105,19
2025-04-02-CHA-IND,2025-04-02,CHA,IND,-15.0,15.0,14.726745075742988,7.177146946025943,0.4848147721379997,0.5151852278620003,0.9799100196176688,0.02008998038233123,119,105,14
2025-04-02-SAC-WAS,2025-04-02,SAC,WAS,14.0,-14.0,-13.818935641988197,6.260687096776705,0.5115361394678459,0.48846386053215407,0.013648109313222578,0.9863518906867774,116,111,5
2025-04-02-MIA-BOS,2025-04-02,MIA,BOS,-10.0,10.0,9.943872614013067,7.145694752545348,0.4968664548530344,0.5031335451469656,0.9179766049845564,0.08202339501544365,103,124,-21
2025-04-02-UTA-HOU,2025-04-02,UTA,HOU,-15.0,15.0,14.648454534331671,7.321868186445027,0.480852907914216,0.519147092085784,0.9772846370467445,0.02271536295325549,143,105,38
2025-04-02-DET-OKC,2025-04-02,DET,OKC,-12.5,12.5,12.23301369444925,8.015365831792575,0.4867139647724693,0.5132860352275307,0.9365193837173914,0.06348061628260859,119,103,16
2025-04-02-ATL-DAL,2025-04-02,ATL,DAL,-3.5,3.5,3.5962751844559286,7.2288866487254,0.5053130043536231,0.49468699564637686,0.690577070989248,0.30942292901075197,120,118,2
2025-04-02-SAS-DEN,2025-04-02,SAS,DEN,-2.0,2.0,1.4478923456909956,6.908042454691673,0.4681494685577593,0.5318505314422407,0.5830081758882133,0.4169918241117867,106,113,-7
2025-04-02-NOP-LAC,2025-04-02,NOP,LAC,-18.0,18.0,17.29420585075709,7.43185153883623,0.46216979766064203,0.537830202339358,0.9900183961549466,0.009981603845053422,114,98,16
2025-04-03-ORL-WAS,2025-04-03,ORL,WAS,15.5,-15.5,-16.275740078866153,6.40486052677775,0.4517990221989552,0.5482009778010448,0.005524354391106545,0.9944756456088935,97,109,-12
2025-04-03-MIN-BKN,2025-04-03,MIN,BKN,14.0,-14.0,-12.970501100865864,6.621962559862308,0.5617735497863461,0.4382264502136539,0.025073407510072143,0.9749265924899279,90,105,-15
2025-04-03-MEM-MIA,2025-04-03,MEM,MIA,5.5,-5.5,-5.806052943500518,7.048009677426001,0.4826817635693209,0.5173182364306791,0.2050305317618506,0.7949694682381494,108,110,-2
2025-04-03-MIL-PHI,2025-04-03,MIL,PHI,11.5,-11.5,-12.095721099561136,6.303135680183368,0.46235127942619025,0.5376487205738097,0.027492129485107597,0.9725078705148924,113,126,-13
2025-04-03-POR-TOR,2025-04-03,POR,TOR,5.0,-5.0,-3.9771095250043382,7.050734150756094,0.5576744638780415,0.44232553612195846,0.28635315464191335,0.7136468453580866,103,112,-9
2025-04-03-GSW-LAL,2025-04-03,GSW,LAL,-1.0,1.0,1.1528585159245166,6.97752018492347,0.5087390427887691,0.49126095721123086,0.5656164284596057,0.4343835715403943,116,123,-7
2025-04-04-SAC-CHA,2025-04-04,SAC,CHA,11.5,-11.5,-11.773771150550274,6.179275835909685,0.4823307504955726,0.5176692495044274,0.028366370720982026,0.971633629279018,102,125,-23
2025-04-04-UTA-IND,2025-04-04,UTA,IND,-17.5,17.5,16.9574994081516,7.185730007732162,0.46990966801812073,0.5300903319818793,0.9908597095998777,0.00914029040012232,140,112,28
2025-04-04-PHX-BOS,2025-04-04,PHX,BOS,-15.0,15.0,15.336788155912666,7.322147570335236,0.5183432078277054,0.4816567921722946,0.9818956107666617,0.018104389233338347,123,103,20
2025-04-04-DET-TOR,2025-04-04,DET,TOR,10.0,-10.0,-9.974790602335524,6.948654318871081,0.5014473410344427,0.49855265896555734,0.07557238892510465,0.9244276110748954,105,117,-12
2025-04-04-POR-CHI,2025-04-04,POR,CHI,-6.0,6.0,6.963084836545687,7.229658692533796,0.5529875521438581,0.4470124478561419,0.8322582888201928,0.16774171117980718,118,113,5
2025-04-04-OKC-HOU,2025-04-04,OKC,HOU,5.5,-5.5,-5.162263446448344,7.606608163048157,0.5177073842777846,0.4822926157222154,0.2486782099297017,0.7513217900702983,125,111,14
2025-04-04-CLE-SAS,2025-04-04,CLE,SAS,12.5,-12.5,-11.923400165570765,6.657484948510691,0.5345089468044191,0.46549105319558093,0.036648520152839925,0.9633514798471601,113,114,-1
2025-04-04-DEN-GSW,2025-04-04,DEN,GSW,-3.0,3.0,2.7966997008837184,7.149278532943401,0.4886570155049582,0.5113429844950418,0.6521702269371835,0.3478297730628165,118,104,14
2025-04-04-NOP-LAL,2025-04-04,NOP,LAL,-16.0,16.0,14.646629517589743,6.705065828106801,0.42001973905953716,0.5799802609404628,0.985534024241824,0.014465975758175986,124,108,16
2025-04-04-DAL-LAC,2025-04-04,DAL,LAC,-12.0,12.0,11.28237847027656,7.487296147990449,0.4618217520331631,0.5381782479668369,0.9340779492387137,0.06592205076128632,114,91,23
2025-04-05-NYK-ATL,2025-04-05,NYK,ATL,1.5,-1.5,-1.186621365637504,6.863347218128693,0.5182092725473599,0.48179072745264007,0.43136795739364564,0.5686320426063544,105,121,-16
2025-04-05-MEM-DET,2025-04-05,MEM,DET,1.0,-1.0,-1.2074657770523687,7.316813950664463,0.4886896425794609,0.5113103574205391,0.43446169220023834,0.5655383077997617,103,109,-6
2025-04-05-MIN-PHI,2025-04-05,MIN,PHI,16.0,-16.0,-16.151608197490933,6.493714094667049,0.49068677417180195,0.509313225828198,0.0064364166265403755,0.9935635833734596,109,114,-5
2025-04-05-MIL-MIA,2025-04-05,MIL,MIA,-1.0,1.0,0.4289469394323333,7.06307167640671,0.4677804127904982,0.5322195872095018,0.5242132522919006,0.47578674770809937,115,121,-6
2025-04-05-DAL-LAC,2025-04-05,DAL,LAC,-9.0,9.0,7.961023486448994,7.4640148179859525,0.4446468137997941,0.5553531862002059,0.85692088332276,0.14307911667724005,135,104,31
2025-04-06-CHI-CHA,2025-04-06,CHI,CHA,8.0,-8.0,-7.9433670631138735,6.734889416268278,0.5033546217813052,0.4966453782186948,0.1191124208936366,0.8808875791063634,117,131,-14
2025-04-06-TOR-BKN,2025-04-06,TOR,BKN,2.0,-2.0,-1.2292188576003147,6.4647060579978195,0.547453077205447,0.452546922794553,0.4245985224022796,0.5754014775977204,109,120,-11
2025-04-06-LAL-OKC,2025-04-06,LAL,OKC,-9.0,9.0,9.066409090507332,7.783758941990564,0.5034036347727249,0.4965963652272751,0.8779470731865419,0.12205292681345814,99,126,-27
2025-04-06-UTA-ATL,2025-04-06,UTA,ATL,-13.5,13.5,12.505322551054661,6.987767892796632,0.4434035467079416,0.5565964532920584,0.9632410318885031,0.036758968111496926,147,134,13
2025-04-06-WAS-BOS,2025-04-06,WAS,BOS,-19.0,19.0,18.221368064738254,7.067619173076304,0.4561377072451166,0.5438622927548834,0.9950334274526466,0.004966572547353443,124,90,34
2025-04-06-SAC-CLE,2025-04-06,SAC,CLE,-9.5,9.5,9.087881659599933,6.968583390597321,0.4764205098761243,0.5235794901238757,0.9039039749786717,0.0960960250213283,113,120,-7
2025-04-06-SAS-POR,2025-04-06,SAS,POR,-3.5,3.5,4.054315389402522,6.986539202850553,0.5316190961916891,0.4683809038083109,0.7191451241529505,0.2808548758470495,120,109,11
2025-04-06-PHX-NYK,2025-04-06,PHX,NYK,-9.5,9.5,9.372039097795748,7.181237851564417,0.4928917111657348,0.5071082888342652,0.9040659916779281,0.09593400832207188,112,98,14
2025-03-13-ORL-NOP,2025-03-13,ORL,NOP,2.5,-2.5,-3.7917758839616735,6.551918216273056,0.42185118438284785,0.5781488156171521,0.2813864959597705,0.7186135040402295,93,113,-20
2025-04-06-IND-DEN,2025-04-06,IND,DEN,-6.0,6.0,5.564305867436685,7.298687942815973,0.47619933400144576,0.5238006659985542,0.7770806070815175,0.2229193929184825,120,125,-5
2025-04-06-HOU-GSW,2025-04-06,HOU,GSW,-5.5,5.5,6.057627150288632,7.306329041117206,0.5304181846905536,0.4695818153094464,0.7964741421059183,0.20352585789408173,96,106,-10
2025-04-07-SAC-DET,2025-04-07,SAC,DET,-5.5,5.5,5.504621450825501,7.038498405539232,0.5002619439392304,0.4997380560607696,0.7829142421149439,0.21708575788505613,117,127,-10
2025-04-07-PHI-MIA,2025-04-07,PHI,MIA,6.5,-6.5,-6.483804177478817,6.720120289464136,0.5009614697113247,0.4990385302886753,0.16731384603041533,0.8326861539695847,117,105,12
2025-04-08-MEM-CHA,2025-04-08,MEM,CHA,14.5,-14.5,-14.764929882551595,6.467586637517979,0.4836628115881536,0.5163371884118464,0.011217781997596488,0.9887822180024035,100,124,-24
2025-04-08-CHI-CLE,2025-04-08,CHI,CLE,-15.0,15.0,15.136161725967355,7.680723885425169,0.507071966804211,0.49292803319578904,0.9756191053402323,0.02438089465976767,135,113,22
2025-04-08-WAS-IND,2025-04-08,WAS,IND,-19.0,19.0,18.52217300345866,7.268903770651001,0.4737940962698237,0.5262059037301763,0.9945850255690725,0.005414974430927533,104,98,6
2025-04-08-ATL-ORL,2025-04-08,ATL,ORL,-5.5,5.5,7.086520674988856,7.478679309871704,0.5840007614447132,0.41599923855528675,0.8283240448225985,0.17167595517740153,119,112,7
2025-04-08-NOP-BKN,2025-04-08,NOP,BKN,-1.5,1.5,1.607898901145679,6.392008684893581,0.5067339378949054,0.4932660621050946,0.5993048868017986,0.4006951131982014,119,114,5
2025-04-08-BOS-NYK,2025-04-08,BOS,NYK,2.0,-2.0,-1.3649396598024688,7.4927575731213505,0.5337725344618931,0.4662274655381069,0.42772549499794876,0.5722745050020512,117,119,-2
2025-04-08-MIN-MIL,2025-04-08,MIN,MIL,6.0,-6.0,-6.641230258426747,7.163327552502989,0.4643360396457421,0.5356639603542579,0.17693334794709203,0.823066652052908,110,103,7
2025-04-08-LAL-OKC,2025-04-08,LAL,OKC,-9.0,9.0,9.122135756600374,7.69941873896154,0.506328149630628,0.493671850369372,0.8819482520529162,0.11805174794708384,136,120,16
2025-04-08-GSW-PHX,2025-04-08,GSW,PHX,10.0,-10.0,-10.33990035361753,6.581849098962411,0.47940694599057776,0.5205930540094222,0.058094581487735275,0.9419054185122647,95,133,-38
2025-04-08-SAS-LAC,2025-04-08,SAS,LAC,-13.0,13.0,13.304455831633483,7.487689633164658,0.5162168638815102,0.4837831361184898,0.9622030386518181,0.03779696134818189,122,117,5
2025-04-09-BOS-ORL,2025-04-09,BOS,ORL,-8.0,8.0,8.710464451643263,7.7211389465943645,0.5366571372227324,0.46334286277726755,0.8703679261945207,0.12963207380547925,96,76,20
2025-04-09-PHI-WAS,2025-04-09,PHI,WAS,3.0,-3.0,-3.8130052309747464,6.300388226160049,0.44866280217183485,0.5513371978281651,0.2725225160959728,0.7274774839040272,103,122,-19
2025-04-09-CHA-TOR,2025-04-09,CHA,TOR,-11.5,11.5,12.164261247370778,6.8935461604481,0.5383826206140758,0.4616173793859242,0.9611833906156871,0.03881660938431286,126,96,30
2025-04-09-LAL-DAL,2025-04-09,LAL,DAL,4.5,-4.5,-3.9070085933962773,6.8847112960354035,0.5343191100632949,0.4656808899367051,0.28519047291547517,0.7148095270845248,97,112,-15
2025-04-09-MIA-CHI,2025-04-09,MIA,CHI,2.5,-2.5,-3.104137145748799,7.270840915969738,0.4668898259776757,0.5331101740223243,0.33471530552028017,0.6652846944797198,119,111,8
2025-04-10-NOP-MIL,2025-04-10,NOP,MIL,-16.5,16.5,15.382348586091721,6.923297743614127,0.4358760356812601,0.5641239643187399,0.986852396497867,0.013147603502132954,136,111,25
2025-04-09-POR-UTA,2025-04-09,POR,UTA,6.5,-6.5,-6.20835504770376,6.334687979116704,0.5183605590287307,0.4816394409712693,0.1635290012823163,0.8364709987176837,133,126,7
2025-04-09-SAS-GSW,2025-04-09,SAS,GSW,-17.5,17.5,17.377495730835452,7.259870141944088,0.49326850035132364,0.5067314996486764,0.9916588811349387,0.008341118865061281,111,114,-3
2025-04-09-OKC-PHX,2025-04-09,OKC,PHX,7.5,-7.5,-8.152993369239685,6.476162271940066,0.4598425876924984,0.5401574123075016,0.1040289685722986,0.8959710314277014,112,125,-13
2025-04-09-DEN-SAC,2025-04-09,DEN,SAC,4.5,-4.5,-5.047563159098385,6.8995122453606905,0.4683721119439622,0.5316278880560378,0.23221168356004884,0.7677883164399512,116,124,-8
2025-04-09-HOU-LAC,2025-04-09,HOU,LAC,-10.5,10.5,9.73451867526973,7.990319676094747,0.46183927630573396,0.538160723694266,0.8884429182006697,0.11155708179933033,134,117,17
2025-04-10-NYK-DET,2025-04-10,NYK,DET,-4.0,4.0,4.291223992798775,6.985282827396785,0.5166275179802827,0.4833724820197173,0.7304992400221854,0.26950075997781464,115,106,9
2025-04-10-CLE-IND,2025-04-10,CLE,IND,-10.0,10.0,10.425178791417153,7.820935868393313,0.5216774929039097,0.47832250709609025,0.9087313975044525,0.09126860249554747,114,112,2
2025-04-10-ATL-BKN,2025-04-10,ATL,BKN,13.5,-13.5,-12.216392804101677,6.7167340174306,0.5757786696467051,0.4242213303532949,0.03447100859108321,0.9655289914089168,109,133,-24
2025-04-10-MIN-MEM,2025-04-10,MIN,MEM,2.0,-2.0,-1.8426673861855059,7.122751784405999,0.5088114158553377,0.49118858414466227,0.3979327368921328,0.6020672631078672,125,141,-16
2025-04-11-MIL-DET,2025-04-11,MIL,DET,-4.5,4.5,3.7145963521842313,7.14298357366881,0.45622270432688816,0.5437772956731118,0.6984801602505779,0.3015198397494221,119,125,-6
2025-04-11-ORL-IND,2025-04-11,ORL,IND,-3.5,3.5,2.5325671812561126,7.432023277667033,0.4482156266521379,0.5517843733478621,0.6333594338748991,0.3666405661251009,115,129,-14
2025-04-11-ATL-PHI,2025-04-11,ATL,PHI,11.5,-11.5,-10.540833428086815,6.627354013248444,0.5575373560250703,0.44246264397492974,0.05586061622807037,0.9441393837719296,110,124,-14
2025-04-11-CHA-BOS,2025-04-11,CHA,BOS,-20.0,20.0,19.169446772857764,6.818747843111588,0.4515269798549003,0.5484730201450997,0.997532800824302,0.0024671991756980427,130,94,36
2025-04-11-CLE-NYK,2025-04-11,CLE,NYK,-3.5,3.5,3.3273058959811905,7.336992526708769,0.49061078248198753,0.5093892175180125,0.6749046365713742,0.32509536342862577,102,108,-6
2025-04-11-WAS-CHI,2025-04-11,WAS,CHI,-14.0,14.0,13.199506817255452,6.976046810945583,0.45432210591392463,0.5456778940860754,0.9707623991037377,0.02923760089626226,119,89,30
2025-04-11-MIA-NOP,2025-04-11,MIA,NOP,14.5,-14.5,-14.929123794728037,6.542217548916211,0.47385092390829253,0.5261490760917075,0.011245647735362185,0.9887543522646378,104,153,-49
2025-04-11-TOR-DAL,2025-04-11,TOR,DAL,-11.0,11.0,10.519025280001737,7.196374229979559,0.4733562506222002,0.5266437493777998,0.9280899017227112,0.07191009827728878,124,102,22
2025-04-11-BKN-MIN,2025-04-11,BKN,MIN,-21.5,21.5,20.482945810662198,7.176409315119135,0.44364984749733083,0.5563501525026692,0.9978427682911652,0.0021572317088347503,117,91,26
2025-04-11-MEM-DEN,2025-04-11,MEM,DEN,-7.0,7.0,6.739062537531173,7.1073371290713085,0.48535659653590846,0.5146434034640915,0.8284820754560567,0.17151792454394332,117,109,8
2025-04-11-OKC-UTA,2025-04-11,OKC,UTA,9.0,-9.0,-9.321916814903519,6.393128129656101,0.4799203182116045,0.5200796817883955,0.07240440668114867,0.9275955933188513,111,145,-34
2025-04-11-SAS-PHX,2025-04-11,SAS,PHX,-5.5,5.5,4.821004025816899,6.313683069645726,0.4571788836320789,0.5428211163679211,0.7774413042852163,0.2225586957147837,117,98,19
2025-04-11-GSW-POR,2025-04-11,GSW,POR,15.5,-15.5,-14.612079049636996,6.856914846177801,0.5515161303283446,0.44848386967165543,0.016544610064482823,0.9834553899355172,86,103,-17
2025-04-11-LAC-SAC,2025-04-11,LAC,SAC,7.0,-7.0,-7.424241717350463,6.975843046517608,0.47575293971334043,0.5242470602866596,0.1436012142778199,0.8563987857221801,100,101,-1
2025-04-11-HOU-LAL,2025-04-11,HOU,LAL,-14.0,14.0,13.729927769583067,7.2207716043017935,0.4850821876152678,0.5149178123847322,0.9713783760448755,0.028621623955124464,140,109,31
2025-04-13-ORL-ATL,2025-04-13,ORL,ATL,3.5,-3.5,-3.8945435766289607,6.938017452729741,0.47732560896621967,0.5226743910337803,0.2872850080717303,0.7127149919282697,117,105,12
2025-04-13-CHA-BOS,2025-04-13,CHA,BOS,-10.5,10.5,9.866711071737328,6.808484085298278,0.4629459517610548,0.5370540482389452,0.9263561774671343,0.07364382253286572,93,86,7
2025-04-13-NYK-BKN,2025-04-13,NYK,BKN,4.5,-4.5,-4.333765875549918,6.357041387889628,0.5104309944479096,0.4895690055520904,0.24770583940114954,0.7522941605988505,105,113,-8
2025-04-13-IND-CLE,2025-04-13,IND,CLE,7.0,-7.0,-6.775617651962852,7.139715693589722,0.5125356353381325,0.4874643646618675,0.1713093280226824,0.8286906719773176,118,126,-8
2025-04-13-WAS-MIA,2025-04-13,WAS,MIA,-8.5,8.5,8.146172091299633,7.0670892169654005,0.4800345011210514,0.5199654988789486,0.8754814383747775,0.12451856162522246,118,119,-1
2025-04-13-CHI-PHI,2025-04-13,CHI,PHI,8.0,-8.0,-7.691100153479326,6.820674103661406,0.5180614252471221,0.48193857475287794,0.12974109723429483,0.8702589027657052,102,122,-20
2025-04-13-DET-MIL,2025-04-13,DET,MIL,9.0,-9.0,-9.542115590786707,6.752213647948251,0.4680044625275268,0.5319955374724732,0.07880091720000804,0.921199082799992,140,133,7
2025-04-13-DEN-HOU,2025-04-13,DEN,HOU,6.0,-6.0,-6.053523692826413,7.067761429035016,0.496978865204718,0.503021134795282,0.19586118288547305,0.804138817114527,111,126,-15
2025-04-13-DAL-MEM,2025-04-13,DAL,MEM,2.0,-2.0,-2.7330033857795506,6.758448937887936,0.4568164597952452,0.5431835402047548,0.342965466478953,0.657034533521047,132,97,35
2025-04-13-UTA-MIN,2025-04-13,UTA,MIN,-23.0,23.0,22.843719131647404,7.136464224885005,0.49126429262763216,0.5087357073723678,0.999315208088441,0.0006847919115590129,116,105,11
2025-04-13-OKC-NOP,2025-04-13,OKC,NOP,12.5,-12.5,-12.416903889599501,6.756809218095864,0.5049061198988688,0.4950938801011312,0.033054232882928414,0.9669457671170716,100,115,-15
2025-04-13-TOR-SAS,2025-04-13,TOR,SAS,-4.5,4.5,4.370161282842721,6.878581505321421,0.49247009312588896,0.507529906874111,0.7373930195631544,0.2626069804368456,125,118,7
2025-04-13-LAC-GSW,2025-04-13,LAC,GSW,-3.5,3.5,3.9392539071068464,7.377347178755074,0.5237393560120503,0.47626064398794965,0.7033175342087713,0.2966824657912287,119,124,-5
2025-04-13-LAL-POR,2025-04-13,LAL,POR,-6.0,6.0,6.560241767675115,7.313969579866722,0.5305286690066904,0.4694713309933096,0.8151263529588821,0.18487364704111786,109,81,28
2025-04-13-PHX-SAC,2025-04-13,PHX,SAC,-14.0,14.0,13.887596081440122,6.879455673276437,0.4934819435480927,0.5065180564519073,0.9782410891351789,0.02175891086482107,109,98,11
2024-12-10-ORL-MIL,2024-12-10,ORL,MIL,-8.0,8.0,7.404122828586763,7.250076269193925,0.4672481744831676,0.5327518255168324,0.8464314219502277,0.1535685780497723,114,109,5
2024-12-11-ATL-NYK,2024-12-11,ATL,NYK,-8.0,8.0,7.608131014780053,7.47560251777834,0.47909713101296225,0.5209028689870377,0.8455964138269134,0.15440358617308658,100,108,-8
2024-12-10-DAL-OKC,2024-12-10,DAL,OKC,-4.5,4.5,5.257996806698343,7.834689927697819,0.5385370554730023,0.46146294452699765,0.7489271313745578,0.2510728686254422,118,104,14
2024-12-11-GSW-HOU,2024-12-11,GSW,HOU,-3.5,3.5,4.04640502961604,7.2383019614097766,0.5300867825560017,0.4699132174439983,0.7119282966123015,0.2880717033876985,91,90,1
2024-12-12-DET-BOS,2024-12-12,DET,BOS,-11.5,11.5,12.040563444130724,7.333075151231543,0.5293817336954263,0.4706182663045737,0.9497001092427854,0.05029989075721464,123,99,24
2024-12-12-TOR-MIA,2024-12-12,TOR,MIA,-11.5,11.5,11.729392659146345,7.270059885913101,0.5125857625686894,0.4874142374313106,0.9466693622503027,0.05333063774969726,114,104,10
2024-12-12-SAC-NOP,2024-12-12,SAC,NOP,7.0,-7.0,-6.404963080752007,6.710551328424558,0.5353286427536196,0.4646713572463804,0.16992503696728856,0.8300749630327114,109,111,-2
2024-12-13-WAS-CLE,2024-12-13,WAS,CLE,-17.0,17.0,16.79648887445487,7.063531148875002,0.48850745333761714,0.5114925466623829,0.9912946213643306,0.008705378635669447,115,105,10
2024-12-13-IND-PHI,2024-12-13,IND,PHI,-6.5,6.5,6.9153527361881855,7.079791946222017,0.5233914731325936,0.4766085268674064,0.8356593361491348,0.1643406638508652,107,121,-14
2024-12-13-LAL-MIN,2024-12-13,LAL,MIN,-8.5,8.5,8.645042183817957,6.7934787667644745,0.5085168535675164,0.4914831464324836,0.8984111349720445,0.1015888650279555,97,87,10
2024-12-13-BKN-MEM,2024-12-13,BKN,MEM,-10.0,10.0,10.017480026134649,7.490987113861239,0.5009309207255404,0.49906907927445965,0.9094329075366605,0.0905670924633395,135,119,16
2024-12-13-CHA-CHI,2024-12-13,CHA,CHI,-5.5,5.5,5.211487469135323,6.889842533585352,0.48329915132962753,0.5167008486703725,0.7752957560589124,0.22470424394108757,109,95,14
2024-12-13-LAC-DEN,2024-12-13,LAC,DEN,-7.0,7.0,6.6763092447064,7.350829333529387,0.4824384159136489,0.5175615840863511,0.8181239955055603,0.18187600449443975,120,98,22
2024-12-13-PHX-UTA,2024-12-13,PHX,UTA,7.0,-7.0,-6.823596439626242,6.562225651623315,0.5107229418101384,0.48927705818986156,0.1492095384805081,0.8507904615194919,126,134,-8
2024-12-13-SAS-POR,2024-12-13,SAS,POR,3.5,-3.5,-3.2696681190676,6.538634313357051,0.5140503537712979,0.48594964622870207,0.3085186418089586,0.6914813581910414,116,118,-2
2024-12-15-NOP-IND,2024-12-15,NOP,IND,-7.0,7.0,6.220677621209955,6.945463627308282,0.45533005381607516,0.5446699461839248,0.8147791050777116,0.18522089492228844,119,104,15
2024-12-15-BOS-WAS,2024-12-15,BOS,WAS,17.5,-17.5,-17.265670124932132,6.929795063623874,0.5134875968625054,0.48651240313749455,0.006360026878045044,0.993639973121955,98,112,-14
2024-12-15-MIN-SAS,2024-12-15,MIN,SAS,4.5,-4.5,-5.331910598009745,6.795410903073902,0.4512822446245972,0.5487177553754028,0.21633408785464447,0.7836659121453555,92,106,-14
2024-12-15-POR-PHX,2024-12-15,POR,PHX,-11.5,11.5,11.022480550549172,6.800019380197684,0.47200798526212784,0.5279920147378722,0.9474856474961753,0.052514352503824746,116,109,7
2024-12-15-MEM-LAL,2024-12-15,MEM,LAL,2.5,-2.5,-2.101269591526844,7.18010303936508,0.5221429548243455,0.4778570451756545,0.38489418371175355,0.6151058162882465,116,110,6
2024-12-16-MIA-DET,2024-12-16,MIA,DET,4.5,-4.5,-4.627578733701227,6.660638120830157,0.4923590746050296,0.5076409253949704,0.24360126978499141,0.7563987302150086,125,124,1
2024-12-16-PHI-CHA,2024-12-16,PHI,CHA,2.5,-2.5,-2.1210699608518464,6.446954093045678,0.5234349764643698,0.47656502353563024,0.3710765505956545,0.6289234494043455,108,121,-13
2024-12-16-CHI-TOR,2024-12-16,CHI,TOR,1.0,-1.0,-0.07625208630025082,7.343796777219227,0.5500493968054956,0.4499506031945044,0.49585777826895816,0.5041422217310418,121,122,-1
2024-12-16-CLE-BKN,2024-12-16,CLE,BKN,10.5,-10.5,-10.14797689085151,6.7871349876752785,0.5206823589849119,0.4793176410150881,0.06743395881656711,0.9325660411834329,101,130,-29
2024-12-16-DEN-SAC,2024-12-16,DEN,SAC,-1.5,1.5,1.6340293834701933,7.226546801140173,0.5073986821148045,0.49260131788519546,0.5894439437348572,0.4105560562651428,129,130,-1
2024-12-16-UTA-LAC,2024-12-16,UTA,LAC,-7.5,7.5,8.177907942798216,7.201425530942659,0.5374991376242562,0.46250086237574384,0.8719370975510343,0.12806290244896568,144,107,37
2024-12-15-NYK-ORL,2024-12-15,NYK,ORL,4.5,-4.5,-3.7419643988485745,7.104269253973303,0.5424870710678147,0.4575129289321853,0.299193841658568,0.700806158341432,91,100,-9
2024-12-15-DAL-GSW,2024-12-15,DAL,GSW,-1.0,1.0,1.8419906321050625,7.2796110506896365,0.5460406732468359,0.4539593267531641,0.599879111325525,0.40012088867447504,133,143,-10
2025-04-20-MIA-CLE,2025-04-20,MIA,CLE,-12.5,12.5,13.101867058668505,7.353341134493358,0.5326167908184559,0.4673832091815441,0.962605566604265,0.037394433395735005,121,100,21
2025-04-23-MIA-CLE,2025-04-23,MIA,CLE,-12.0,12.0,12.481637421806855,7.28157497654482,0.5263686790288286,0.47363132097117144,0.9567484724440232,0.04325152755597683,121,112,9
2025-04-26-CLE-MIA,2025-04-26,CLE,MIA,4.5,-4.5,-3.8225070683878206,7.166885484623573,0.5376563252972135,0.4623436747027865,0.29689330983815054,0.7031066901618495,87,124,-37
2025-04-28-CLE-MIA,2025-04-28,CLE,MIA,8.0,-8.0,-7.679902240619301,6.943077003994454,0.5183859845557688,0.4816140154442312,0.13433648424069566,0.8656635157593043,83,138,-55
2025-04-20-ORL-BOS,2025-04-20,ORL,BOS,-12.5,12.5,12.34217752017001,7.265326666231664,0.4913345797738057,0.5086654202261943,0.9553194952453286,0.044680504754671446,103,86,17
2025-04-23-ORL-BOS,2025-04-23,ORL,BOS,-10.0,10.0,10.027903146507928,7.153663193582992,0.5015560862134962,0.49844391378650377,0.9195103829457415,0.0804896170542585,109,100,9
2025-04-25-BOS-ORL,2025-04-25,BOS,ORL,6.0,-6.0,-5.548106778623753,7.013186243068134,0.5256879876106313,0.4743120123893687,0.21444385370406582,0.7855561462959342,95,93,2
2025-04-27-BOS-ORL,2025-04-27,BOS,ORL,8.0,-8.0,-7.563797641777005,6.891102811583734,0.5252359350264632,0.47476406497353685,0.13618569153064508,0.8638143084693549,98,107,-9
2025-04-29-ORL-BOS,2025-04-29,ORL,BOS,-11.5,11.5,11.158949561967093,7.074034001939893,0.48077380609834797,0.519226193901652,0.942654228533863,0.05734577146613695,120,89,31
2025-04-19-DET-NYK,2025-04-19,DET,NYK,-6.5,6.5,6.6360950137362895,7.092143046016098,0.5076550519028502,0.4923449480971498,0.8252853210689575,0.17471467893104253,123,112,11
2025-04-21-DET-NYK,2025-04-21,DET,NYK,-6.5,6.5,6.425154813601048,7.05293957190069,0.4957665383874795,0.5042334616125205,0.8188495812918813,0.18115041870811865,94,100,-6
2025-04-24-NYK-DET,2025-04-24,NYK,DET,1.5,-1.5,-1.3871809489750393,6.7226415632507095,0.5066947161336604,0.49330528386633965,0.4182608615837561,0.5817391384162439,116,118,-2
2025-04-27-NYK-DET,2025-04-27,NYK,DET,-2.5,2.5,2.544449496228297,6.801804153298629,0.5026070520076917,0.49739294799230827,0.64582927441503,0.35417072558497,93,94,-1
2025-04-29-DET-NYK,2025-04-29,DET,NYK,-5.5,5.5,5.246043793609711,7.038954769828159,0.4856098105266634,0.5143901894733366,0.7719509800266748,0.22804901997332516,103,106,-3
2025-05-01-NYK-DET,2025-05-01,NYK,DET,-1.5,1.5,1.0924368618007803,6.695822584843067,0.47573205964911036,0.5242679403508896,0.564800621822626,0.435199378177374,113,116,-3
2025-04-19-MIL-IND,2025-04-19,MIL,IND,-6.5,6.5,6.643965505382602,7.60462847228573,0.5075520450139633,0.49244795498603666,0.8088520689519494,0.1911479310480506,117,98,19
2025-04-22-MIL-IND,2025-04-22,MIL,IND,-4.0,4.0,4.145766691450056,7.455404261994466,0.5077995490836226,0.49220045091637743,0.710920334496876,0.28907966550312403,123,115,8
2025-04-25-IND-MIL,2025-04-25,IND,MIL,-5.0,5.0,4.474317272894162,7.302100707567576,0.47130468796140945,0.5286953120385905,0.7299771370917688,0.2700228629082312,117,101,16
2025-04-27-IND-MIL,2025-04-27,IND,MIL,-4.0,4.0,3.489347298307431,7.289003784243751,0.47207376560186753,0.5279262343981325,0.683928905696634,0.316071094303366,103,129,-26
2025-04-29-MIL-IND,2025-04-29,MIL,IND,-8.0,8.0,7.61785846473172,7.433572158798459,0.4795003949172948,0.5204996050827052,0.8472691126745078,0.15273088732549223,119,118,1
2025-04-20-MEM-OKC,2025-04-20,MEM,OKC,-13.0,13.0,13.595573088576653,7.820575875133273,0.5303519624279588,0.4696480375720412,0.9589330185542027,0.041066981445797346,131,80,51
2025-04-22-MEM-OKC,2025-04-22,MEM,OKC,-14.5,14.5,14.813112110192508,7.930630571285012,0.5157466942398934,0.4842533057601066,0.9691074875987172,0.030892512401282768,118,99,19
2025-04-24-OKC-MEM,2025-04-24,OKC,MEM,10.0,-10.0,-9.262064049925497,7.255288736155827,0.5405065969105531,0.45949340308944686,0.10087266502825898,0.899127334971741,108,114,-6
2025-04-26-OKC-MEM,2025-04-26,OKC,MEM,15.5,-15.5,-14.853748130165572,7.063745501668398,0.536447800114092,0.463552199885908,0.017740983701734825,0.9822590162982652,115,117,-2
2025-04-20-GSW-HOU,2025-04-20,GSW,HOU,-1.5,1.5,1.941302662879865,7.5581586165080905,0.5232800499845445,0.47671995001545553,0.6013521849647426,0.39864781503525737,85,95,-10
2025-04-23-GSW-HOU,2025-04-23,GSW,HOU,-4.0,4.0,4.157674329974084,7.406415440479904,0.5084923950249078,0.49150760497509216,0.7127243388935998,0.28727566110640024,109,94,15
2025-04-26-HOU-GSW,2025-04-26,HOU,GSW,-2.0,2.0,2.827566748521395,6.996840637751852,0.5470759904738884,0.45292400952611156,0.6569379451931967,0.3430620548068033,104,93,11
2025-04-28-HOU-GSW,2025-04-28,HOU,GSW,-3.5,3.5,3.9350846332941622,6.941782828318912,0.5249878288073417,0.47501217119265826,0.7145985602490575,0.28540143975094245,109,106,3
2025-04-30-GSW-HOU,2025-04-30,GSW,HOU,-4.0,4.0,3.493515279481613,7.040225029139418,0.4713242106828577,0.5286757893171423,0.690131141393107,0.30986885860689295,131,116,15
2025-05-02-HOU-GSW,2025-05-02,HOU,GSW,-5.5,5.5,5.591006416784344,6.839429141950791,0.5053082260754129,0.4946917739245871,0.7931691494081595,0.20683085059184048,107,115,-8
2025-05-04-GSW-HOU,2025-05-04,GSW,HOU,-2.5,2.5,2.081791685714945,6.788738518587187,0.47543939682269,0.52456060317731,0.620446507010731,0.379553492989269,89,103,-14
2025-04-19-MIN-LAL,2025-04-19,MIN,LAL,-4.5,4.5,4.776003367032528,7.254901804006129,0.5151735834227196,0.48482641657728043,0.7448318054920775,0.2551681945079225,95,117,-22
2025-04-22-MIN-LAL,2025-04-22,MIN,LAL,-5.5,5.5,5.79081218029727,7.218938378396071,0.5160668918547009,0.4839331081452991,0.7887725412935277,0.2112274587064723,94,85,9
2025-04-25-LAL-MIN,2025-04-25,LAL,MIN,-4.0,4.0,4.201220343682475,7.1514554418579275,0.5112235491776593,0.48877645082234067,0.7215538323463,0.2784461676537,116,104,12
2025-04-27-LAL-MIN,2025-04-27,LAL,MIN,-2.5,2.5,2.498613833629457,7.08517239841098,0.499921949624052,0.500078050375948,0.6378260462117138,0.3621739537882862,116,113,3
2025-04-30-MIN-LAL,2025-04-30,MIN,LAL,-6.0,6.0,5.883051025709079,6.993915304260296,0.4933293849987349,0.5066706150012651,0.7998728184410908,0.20012718155890918,96,103,-7
2025-04-19-LAC-DEN,2025-04-19,LAC,DEN,-2.5,2.5,2.3181989466484407,7.335681776153054,0.4901139791496675,0.5098860208503325,0.6240051354919733,0.37599486450802666,112,110,2
2025-04-21-LAC-DEN,2025-04-21,LAC,DEN,-1.0,1.0,0.7005750313620432,7.197300981659841,0.4834078314128114,0.5165921685871886,0.5387712390434727,0.4612287609565273,102,105,-3
2025-04-24-DEN-LAC,2025-04-24,DEN,LAC,-5.5,5.5,5.105284987131232,7.3234584626741706,0.47850847351240466,0.5214915264875953,0.7571342546870734,0.2428657453129266,117,83,34
2025-04-26-DEN-LAC,2025-04-26,DEN,LAC,-6.5,6.5,5.742166340483623,7.159584302415373,0.4578511447218163,0.5421488552781837,0.7887307814075165,0.2112692185924835,99,101,-2
2025-04-29-LAC-DEN,2025-04-29,LAC,DEN,1.5,-1.5,-1.3400823156239139,6.886512549000526,0.5092633523569563,0.4907366476430437,0.42285492889546406,0.577145071104536,131,115,16
2025-05-01-DEN-LAC,2025-05-01,DEN,LAC,-6.5,6.5,5.763498567479465,6.973749083093243,0.4579456794256579,0.5420543205743421,0.7957273390627113,0.20427266093728869,111,105,6
2025-05-03-LAC-DEN,2025-05-03,LAC,DEN,-1.5,1.5,1.1237451547028794,6.816997186062159,0.47799210040778795,0.522007899592212,0.565466849621777,0.43453315037822304,120,101,19
2025-05-04-IND-CLE,2025-05-04,IND,CLE,-8.5,8.5,8.52286402105288,7.4234359056036565,0.5012287315998433,0.49877126840015673,0.8745368377058812,0.1254631622941188,112,121,-9
2025-05-06-IND-CLE,2025-05-06,IND,CLE,-5.5,5.5,5.242800233453869,7.314829995392732,0.48597551513958803,0.514024484860412,0.7632314216911478,0.23676857830885223,119,120,-1
2025-05-09-CLE-IND,2025-05-09,CLE,IND,5.5,-5.5,-4.844822783134886,7.382397569711236,0.5353591336700216,0.46464086632997836,0.2558262221335418,0.7441737778664582,104,126,-22
2025-05-11-CLE-IND,2025-05-11,CLE,IND,5.0,-5.0,-4.91490994216653,7.296729958070385,0.5046521184895386,0.4953478815104614,0.2502901195312308,0.7497098804687692,129,109,20
2025-05-13-IND-CLE,2025-05-13,IND,CLE,-8.5,8.5,8.35473594369268,7.412471675263201,0.49218232902524217,0.5078176709747578,0.8701538654220253,0.12984613457797467,105,114,-9
2025-05-05-NYK-BOS,2025-05-05,NYK,BOS,-9.0,9.0,9.156368413296653,7.05686412348757,0.5088391764138721,0.4911608235861279,0.9027725221911065,0.09722747780889351,105,108,-3
2025-05-07-NYK-BOS,2025-05-07,NYK,BOS,-10.0,10.0,9.726125040506926,7.00355856594218,0.48440329166200835,0.5155967083379916,0.9175441546452743,0.08245584535472572,90,91,-1
2025-05-10-BOS-NYK,2025-05-10,BOS,NYK,6.0,-6.0,-6.009223365061197,6.876510096344452,0.49946490456123194,0.5005350954387681,0.19109264638319756,0.8089073536168024,93,115,-22
2025-05-12-BOS-NYK,2025-05-12,BOS,NYK,5.5,-5.5,-5.715581964782885,6.916545765757932,0.487567372519796,0.512432627480204,0.20429892012613715,0.7957010798738628,121,113,8
2025-05-14-NYK-BOS,2025-05-14,NYK,BOS,-5.0,5.0,4.754658952770542,6.783340885250798,0.48557413178827824,0.5144258682117218,0.7583271934181175,0.2416728065818825,127,102,25
2025-05-16-BOS-NYK,2025-05-16,BOS,NYK,-3.0,3.0,2.451470641506281,6.931818645117351,0.46846377616885304,0.531536223831147,0.6382011838148455,0.3617988161851545,119,81,38
2025-05-05-DEN-OKC,2025-05-05,DEN,OKC,-10.5,10.5,10.97433214748727,7.292734085013931,0.5259296183747635,0.4740703816252365,0.9338162310702331,0.06618376892976685,119,121,-2
2025-05-07-DEN-OKC,2025-05-07,DEN,OKC,-10.0,10.0,10.048625224890586,7.435273309491392,0.5026089854426805,0.4973910145573195,0.9117291830153708,0.08827081698462924,149,106,43
2025-05-09-OKC-DEN,2025-05-09,OKC,DEN,6.0,-6.0,-6.04843436773488,7.179281633665663,0.4973085927636439,0.5026914072363561,0.19975837216718562,0.8002416278328144,113,104,9
2025-05-11-OKC-DEN,2025-05-11,OKC,DEN,6.5,-6.5,-6.706951202620769,7.025075703778793,0.48824928752492136,0.5117507124750786,0.16986070320984947,0.8301392967901505,87,92,-5
2025-05-13-DEN-OKC,2025-05-13,DEN,OKC,-10.0,10.0,10.272637847560084,7.522889687648015,0.514454945435429,0.485545054564571,0.9139547785356168,0.0860452214643832,112,105,7
2025-05-15-OKC-DEN,2025-05-15,OKC,DEN,5.5,-5.5,-5.8579302554892685,6.8896000718482755,0.47928336874384414,0.5207166312561559,0.19759112626945663,0.8024088737305434,119,107,12
2025-05-18-DEN-OKC,2025-05-18,DEN,OKC,-8.0,8.0,8.539786141418446,7.524228061460097,0.5285954839240536,0.47140451607594636,0.8718064183109687,0.12819358168903128,125,93,32
2025-05-06-GSW-MIN,2025-05-06,GSW,MIN,-6.0,6.0,6.071522208075077,7.029016072365114,0.5040592794399235,0.49594072056007654,0.806145571068803,0.19385442893119698,88,99,-11
2025-05-08-GSW-MIN,2025-05-08,GSW,MIN,-11.0,11.0,10.733020986739708,7.162417281336862,0.4851328744327541,0.5148671255672459,0.9330008172310481,0.06699918276895189,117,93,24
2025-05-10-MIN-GSW,2025-05-10,MIN,GSW,5.5,-5.5,-5.329112899025648,6.726508462719941,0.5101340476131844,0.48986595238681563,0.21410587509843704,0.785894124901563,97,102,-5
2025-05-12-MIN-GSW,2025-05-12,MIN,GSW,4.5,-4.5,-4.473304144557304,6.647783656800193,0.5016020492502548,0.49839795074974524,0.25050495259505745,0.7494950474049425,110,117,-7
2025-05-14-GSW-MIN,2025-05-14,GSW,MIN,-9.5,9.5,9.349927696783665,7.017059815497133,0.49146856023598506,0.5085314397640149,0.9086449038877792,0.09135509611222081,121,110,11
2025-05-21-IND-NYK,2025-05-21,IND,NYK,-4.5,4.5,4.6073784876798145,7.189767910201874,0.505957942846543,0.49404205715345695,0.7391816010047121,0.2608183989952879,135,138,-3
2025-05-23-IND-NYK,2025-05-23,IND,NYK,-6.0,6.0,5.8919251605846075,7.15748510656013,0.4939763780244587,0.5060236219755413,0.7947982351226861,0.2052017648773139,109,114,-5
2025-05-25-NYK-IND,2025-05-25,NYK,IND,-1.5,1.5,0.6695991944085383,6.821728745067265,0.4515569046861798,0.5484430953138202,0.5390961149065744,0.4609038850934256,100,106,-6
2025-05-27-NYK-IND,2025-05-27,NYK,IND,-3.0,3.0,2.0923631648890204,6.933692420602489,0.44792626624033494,0.5520737337596651,0.6185853536631545,0.3814146463368455,130,121,9
2025-05-29-IND-NYK,2025-05-29,IND,NYK,-4.5,4.5,3.8193896151013615,6.907204602388304,0.4607532244811209,0.5392467755188791,0.7098536954540156,0.29014630454598445,111,94,17
2025-05-31-NYK-IND,2025-05-31,NYK,IND,-4.5,4.5,3.7023652471358988,6.932913980416177,0.45420257397265884,0.5457974260273412,0.703338672468625,0.296661327531375,125,108,17
2025-05-20-MIN-OKC,2025-05-20,MIN,OKC,-7.0,7.0,6.974935042572779,7.584154633356326,0.49868153359807166,0.5013184664019283,0.8211279187336743,0.1788720812663257,114,88,26
2025-05-22-MIN-OKC,2025-05-22,MIN,OKC,-8.0,8.0,7.93294559985654,7.454337792753336,0.49641142174008757,0.5035885782599124,0.8563821410196666,0.1436178589803334,118,103,15
2025-05-24-OKC-MIN,2025-05-24,OKC,MIN,3.0,-3.0,-3.1616481875177636,6.93468250265724,0.4907014550513632,0.5092985449486368,0.3242243891339053,0.6757756108660947,143,101,42
2025-05-26-OKC-MIN,2025-05-26,OKC,MIN,3.0,-3.0,-3.1661833685506697,6.919381986028878,0.49041949135496943,0.5095805086450306,0.32362645535497014,0.6763735446450299,126,128,-2
2025-05-28-MIN-OKC,2025-05-28,MIN,OKC,-9.0,9.0,9.068234642966758,7.547532708516148,0.5036066505841044,0.49639334941589563,0.8852181131846295,0.11478188681537049,124,94,30
2025-06-05-IND-OKC,2025-06-05,IND,OKC,-10.0,10.0,9.893927865870905,7.440109256969557,0.49431255319813905,0.505687446801861,0.9082094751307318,0.0917905248692682,110,111,-1
2025-06-08-IND-OKC,2025-06-08,IND,OKC,-11.5,11.5,11.359570964089757,7.550739255281434,0.49258087870865974,0.5074191212913403,0.9337648673893737,0.0662351326106263,123,107,16
2025-06-11-OKC-IND,2025-06-11,OKC,IND,5.5,-5.5,-5.5093828134876315,6.998865108616246,0.4994651704483519,0.5005348295516481,0.21558757520775107,0.7844124247922489,116,107,9
2025-06-13-OKC-IND,2025-06-13,OKC,IND,6.0,-6.0,-6.3350113803228325,6.926251919157383,0.48071134121518244,0.5192886587848176,0.18019092044098795,0.819809079559012,104,111,-7
2025-06-16-IND-OKC,2025-06-16,IND,OKC,-9.0,9.0,8.730150382943386,7.4418122106705855,0.4855370128824087,0.5144629871175913,0.8796264700142915,0.1203735299857085,120,109,11
2025-06-19-OKC-IND,2025-06-19,OKC,IND,4.5,-4.5,-4.662212922120012,6.797096490300152,0.49048013356126796,0.509519866438732,0.2463841679410672,0.7536158320589328,108,91,17
2025-06-22-IND-OKC,2025-06-22,IND,OKC,-6.5,6.5,5.954911255422413,7.212039343636163,0.4698764692667303,0.5301235307332697,0.7955101147628059,0.20448988523719414,103,91,12
2025-04-15-ATL-ORL,2025-04-15,ATL,ORL,-6.0,6.0,6.8440576216532385,7.593737907880065,0.5442520128236956,0.4557479871763044,0.8162793407835691,0.18372065921643088,120,95,25
2025-04-16-MIA-CHI,2025-04-16,MIA,CHI,-2.0,2.0,2.798990142722618,7.457810521069419,0.5426589325365819,0.45734106746341807,0.6462849989575835,0.3537150010424165,90,109,-19
2025-04-15-MEM-GSW,2025-04-15,MEM,GSW,-6.5,6.5,6.827863412274539,7.458853568081319,0.5175303708357212,0.4824696291642788,0.8200101759164959,0.17998982408350406,121,116,5
2025-04-16-DAL-SAC,2025-04-16,DAL,SAC,-5.5,5.5,4.414537284843591,6.759534323040884,0.43621113145181867,0.5637888685481813,0.7431486301417862,0.2568513698582138,106,120,-14
2025-04-18-MIA-ATL,2025-04-18,MIA,ATL,2.0,-2.0,-1.2898966276548451,7.113825367227389,0.5397564590670527,0.4602435409329473,0.42805722163030047,0.5719427783696995,114,123,-9
2025-04-18-DAL-MEM,2025-04-18,DAL,MEM,-6.0,6.0,5.588842368915814,6.814509783224388,0.47594416891237035,0.5240558310876297,0.7939314441698687,0.20606855583013128,120,106,14
